1, 357.471
2, 366.749
3, 390.161
4, 433.046
5, 501.484
6, 600.312
7, 729.376
8, 882.033
9, 1047.62
10, 1216.36
11, 1383.67
12, 1551.74
13, 1728.11
14, 1922.53
15, 2143.81
16, 2397.63
17, 2685.54
18, 3005.21
19, 3351.48
20, 3717.85
21, 4098.27
22, 4488.47
23, 4886.85
24, 5294.47
25, 5714.45
26, 6150.89
27, 6607.7
28, 7087.72
29, 7592.2
30, 8120.82
31, 8671.99
32, 9243.45
33, 9832.89
34, 10438.6
35, 11059.5
36, 11695.6
37, 12347.7
38, 13016.9
39, 13704.5
40, 14411.6
41, 15138.8
42, 15886.2
43, 16653.6
44, 17440.4
45, 18245.9
46, 19069.6
47, 19911.1
48, 20770.1
49, 21646.8
50, 22541.4
51, 23454.3
52, 24385.7
53, 25336.1
54, 26305.3
55, 27293.6
56, 28300.6
57, 29326.4
58, 30370.6
59, 31433.3
60, 32514.2
61, 33613.5
62, 34731.1
63, 35867
64, 37021.5
65, 38194.5
66, 39386.2
67, 40596.5
68, 41825.4
69, 43073
70, 44339
71, 45623.6
72, 46926.7
73, 48248.3
74, 49588.3
75, 50946.9
76, 52324
77, 53719.6
78, 55133.7
79, 56566.5
80, 58017.8
81, 59487.7
82, 60976.1
83, 62483.1
84, 64008.6
85, 65552.7
86, 67115.3
87, 68696.4
88, 70296.1
89, 71914.4
90, 73551.2
91, 75206.6
92, 76880.5
93, 78573
94, 80284.1
95, 82013.8
96, 83762
97, 85528.8
98, 87314.1
99, 89118
100, 90940.5
101, 92781.6
102, 94641.2
103, 96519.4
104, 98416.2
105, 100332
106, 102266
107, 104218
108, 106189
109, 108179
110, 110187
111, 112214
112, 114260
113, 116324
114, 118406
115, 120508
116, 122627
117, 124766
118, 126923
119, 129099
120, 131293
121, 133506
122, 135737
123, 137987
124, 140256
125, 142543
126, 144849
127, 147174
128, 149517
129, 151878
130, 154259
131, 156658
132, 159075
133, 161512
134, 163966
135, 166440
136, 168932
137, 171443
138, 173972
139, 176520
140, 179086
141, 181672
142, 184275
143, 186898
144, 189539
145, 192199
146, 194877
147, 197574
148, 200290
149, 203024
150, 205777
151, 208549
152, 211339
153, 214148
154, 216976
155, 219822
156, 222687
157, 225570
158, 228472
159, 231393
160, 234333
161, 237291
162, 240268
163, 243263
164, 246277
165, 249310
166, 252361
167, 255432
168, 258520
169, 261628
170, 264754
171, 267899
172, 271062
173, 274244
174, 277445
175, 280665
176, 283903
177, 287160
178, 290436
179, 293730
180, 297043
181, 300374
182, 303725
183, 307094
184, 310482
185, 313888
186, 317313
187, 320757
188, 324219
189, 327701
190, 331200
191, 334719
192, 338256
193, 341812
194, 345387
195, 348981
196, 352593
197, 356224
198, 359873
199, 363541
200, 367228
201, 370934
202, 374659
203, 378402
204, 382164
205, 385944
206, 389744
207, 393562
208, 397398
209, 401254
210, 405128
211, 409021
212, 412933
213, 416863
214, 420812
215, 424780
216, 428767
217, 432772
218, 436796
219, 440839
220, 444901
221, 448981
222, 453080
223, 457198
224, 461335
225, 465490
226, 469664
227, 473857
228, 478069
229, 482299
230, 486548
231, 490816
232, 495103
233, 499408
234, 503732
235, 508075
236, 512437
237, 516818
238, 521217
239, 525635
240, 530072
241, 534527
242, 539002
243, 543495
244, 548007
245, 552537
246, 557087
247, 561655
248, 566242
249, 570848
250, 575472
251, 580116
252, 584778
253, 589459
254, 594159
255, 598877
256, 603614
257, 608371
258, 613145
259, 617939
260, 622752
261, 627583
262, 632433
263, 637302
264, 642190
265, 647096
266, 652022
267, 656966
268, 661929
269, 666911
270, 671911
271, 676931
272, 681969
273, 687026
274, 692102
275, 697197
276, 702310
277, 707443
278, 712594
279, 717764
280, 722953
281, 728160
282, 733387
283, 738632
284, 743896
285, 749179
286, 754481
287, 759802
288, 765141
289, 770500
290, 775877
291, 781273
292, 786688
293, 792122
294, 797574
295, 803046
296, 808536
297, 814045
298, 819573
299, 825120
300, 830686
301, 836270
302, 841874
303, 847496
304, 853137
305, 858797
306, 864476
307, 870174
308, 875890
309, 881626
310, 887380
311, 893153
312, 898945
313, 904756
314, 910586
315, 916435
316, 922303
317, 928189
318, 934095
319, 940019
320, 945962
321, 951924
322, 957905
323, 963905
324, 969923
325, 975961
326, 982017
327, 988093
328, 994187
329, 1.0003e+06
330, 1.00643e+06
331, 1.01258e+06
332, 1.01875e+06
333, 1.02494e+06
334, 1.03115e+06
335, 1.03738e+06
336, 1.04362e+06
337, 1.04989e+06
338, 1.05617e+06
339, 1.06247e+06
340, 1.06879e+06
341, 1.07513e+06
342, 1.08149e+06
343, 1.08787e+06
344, 1.09427e+06
345, 1.10068e+06
346, 1.10712e+06
347, 1.11357e+06
348, 1.12004e+06
349, 1.12653e+06
350, 1.13304e+06
351, 1.13957e+06
352, 1.14612e+06
353, 1.15269e+06
354, 1.15928e+06
355, 1.16588e+06
356, 1.1725e+06
357, 1.17915e+06
358, 1.18581e+06
359, 1.19249e+06
360, 1.19919e+06
361, 1.20591e+06
362, 1.21265e+06
363, 1.2194e+06
364, 1.22618e+06
365, 1.23297e+06
366, 1.23979e+06
367, 1.24662e+06
368, 1.25347e+06
369, 1.26034e+06
370, 1.26723e+06
371, 1.27414e+06
372, 1.28106e+06
373, 1.28801e+06
374, 1.29497e+06
375, 1.30196e+06
376, 1.30896e+06
377, 1.31598e+06
378, 1.32302e+06
379, 1.33008e+06
380, 1.33716e+06
381, 1.34426e+06
382, 1.35138e+06
383, 1.35851e+06
384, 1.36567e+06
385, 1.37284e+06
386, 1.38003e+06
387, 1.38725e+06
388, 1.39448e+06
389, 1.40173e+06
390, 1.40899e+06
391, 1.41628e+06
392, 1.42359e+06
393, 1.43091e+06
394, 1.43826e+06
395, 1.44562e+06
396, 1.453e+06
397, 1.46041e+06
398, 1.46783e+06
399, 1.47527e+06
400, 1.48272e+06
