1, 0
2, 0.000476895
3, 0.000451444
4, 0.000439181
5, 0.00042742
6, 0.000416129
7, 0.000405282
8, 0.000394857
9, 0.000384832
10, 0.000375186
11, 0.000365902
12, 0.00035696
13, 0.000348345
14, 0.000340039
15, 0.00033203
16, 0.000324302
17, 0.000316843
18, 0.00030964
19, 0.000302681
20, 0.000295956
21, 0.000289455
22, 0.000283166
23, 0.000277082
24, 0.000271194
25, 0.000265492
26, 0.000259969
27, 0.000254619
28, 0.000249432
29, 0.000244404
30, 0.000239528
31, 0.000234797
32, 0.000230205
33, 0.000225748
34, 0.00022142
35, 0.000217216
36, 0.000213132
37, 0.000209162
38, 0.000205304
39, 0.000201551
40, 0.000197901
41, 0.000194351
42, 0.000190895
43, 0.000187532
44, 0.000184257
45, 0.000181068
46, 0.000177961
47, 0.000174935
48, 0.000171985
49, 0.00016911
50, 0.000166307
51, 0.000163573
52, 0.000160907
53, 0.000158306
54, 0.000155767
55, 0.00015329
56, 0.000150872
57, 0.000148511
58, 0.000146205
59, 0.000143953
60, 0.000141753
61, 0.000139603
62, 0.000137503
63, 0.000135449
64, 0.000133442
65, 0.000131479
66, 0.000129559
67, 0.000127682
68, 0.000125845
69, 0.000124047
70, 0.000122289
71, 0.000120567
72, 0.000118882
73, 0.000117233
74, 0.000115617
75, 0.000114035
76, 0.000112486
77, 0.000110968
78, 0.00010948
79, 0.000108023
80, 0.000106595
81, 0.000105195
82, 0.000103823
83, 0.000102477
84, 0.000101158
85, 9.98637e-05
86, 9.85947e-05
87, 9.73498e-05
88, 9.61286e-05
89, 9.49303e-05
90, 9.37544e-05
91, 9.26003e-05
92, 9.14676e-05
93, 9.03557e-05
94, 8.9264e-05
95, 8.81922e-05
96, 8.71396e-05
97, 8.61059e-05
98, 8.50906e-05
99, 8.40933e-05
100, 8.31135e-05
101, 8.21509e-05
102, 8.1205e-05
103, 8.02754e-05
104, 7.93618e-05
105, 7.84638e-05
106, 7.75811e-05
107, 7.67132e-05
108, 7.586e-05
109, 7.50209e-05
110, 7.41959e-05
111, 7.33844e-05
112, 7.25863e-05
113, 7.18011e-05
114, 7.10288e-05
115, 7.02689e-05
116, 6.95212e-05
117, 6.87855e-05
118, 6.80614e-05
119, 6.73488e-05
120, 6.66474e-05
121, 6.5957e-05
122, 6.52773e-05
123, 6.46081e-05
124, 6.39493e-05
125, 6.33005e-05
126, 6.26616e-05
127, 6.20324e-05
128, 6.14126e-05
129, 6.08022e-05
130, 6.02009e-05
131, 5.96085e-05
132, 5.90249e-05
133, 5.84498e-05
134, 5.78832e-05
135, 5.73248e-05
136, 5.67745e-05
137, 5.62322e-05
138, 5.56976e-05
139, 5.51707e-05
140, 5.46512e-05
141, 5.41391e-05
142, 5.36342e-05
143, 5.31364e-05
144, 5.26455e-05
145, 5.21614e-05
146, 5.1684e-05
147, 5.12132e-05
148, 5.07488e-05
149, 5.02908e-05
150, 4.98389e-05
151, 4.93932e-05
152, 4.89535e-05
153, 4.85196e-05
154, 4.80915e-05
155, 4.76691e-05
156, 4.72522e-05
157, 4.68409e-05
158, 4.64349e-05
159, 4.60342e-05
160, 4.56387e-05
161, 4.52483e-05
162, 4.48629e-05
163, 4.44825e-05
164, 4.41069e-05
165, 4.3736e-05
166, 4.33699e-05
167, 4.30084e-05
168, 4.26513e-05
169, 4.22988e-05
170, 4.19506e-05
171, 4.16067e-05
172, 4.12671e-05
173, 4.09316e-05
174, 4.06003e-05
175, 4.02729e-05
176, 3.99496e-05
177, 3.96301e-05
178, 3.93145e-05
179, 3.90026e-05
180, 3.86945e-05
181, 3.839e-05
182, 3.80891e-05
183, 3.77918e-05
184, 3.7498e-05
185, 3.72076e-05
186, 3.69205e-05
187, 3.66368e-05
188, 3.63564e-05
189, 3.60792e-05
190, 3.58052e-05
191, 3.55343e-05
192, 3.52665e-05
193, 3.50017e-05
194, 3.47399e-05
195, 3.44811e-05
196, 3.42251e-05
197, 3.39721e-05
198, 3.37218e-05
199, 3.34743e-05
200, 3.32295e-05
201, 3.29874e-05
202, 3.2748e-05
203, 3.25112e-05
204, 3.22769e-05
205, 3.20452e-05
206, 3.1816e-05
207, 3.15893e-05
208, 3.1365e-05
209, 3.11431e-05
210, 3.09235e-05
211, 3.07063e-05
212, 3.04914e-05
213, 3.02787e-05
214, 3.00682e-05
215, 2.986e-05
216, 2.96539e-05
217, 2.945e-05
218, 2.92482e-05
219, 2.90484e-05
220, 2.88507e-05
221, 2.8655e-05
222, 2.84614e-05
223, 2.82697e-05
224, 2.80799e-05
225, 2.7892e-05
226, 2.77061e-05
227, 2.7522e-05
228, 2.73397e-05
229, 2.71593e-05
230, 2.69806e-05
231, 2.68037e-05
232, 2.66286e-05
233, 2.64552e-05
234, 2.62835e-05
235, 2.61134e-05
236, 2.5945e-05
237, 2.57783e-05
238, 2.56131e-05
239, 2.54496e-05
240, 2.52876e-05
241, 2.51271e-05
242, 2.49682e-05
243, 2.48108e-05
244, 2.46549e-05
245, 2.45005e-05
246, 2.43475e-05
247, 2.4196e-05
248, 2.40459e-05
249, 2.38972e-05
250, 2.37498e-05
251, 2.36039e-05
252, 2.34592e-05
253, 2.3316e-05
254, 2.3174e-05
255, 2.30333e-05
256, 2.28939e-05
257, 2.27558e-05
258, 2.2619e-05
259, 2.24833e-05
260, 2.23489e-05
261, 2.22157e-05
262, 2.20837e-05
263, 2.19529e-05
264, 2.18233e-05
265, 2.16948e-05
266, 2.15674e-05
267, 2.14412e-05
268, 2.1316e-05
269, 2.1192e-05
270, 2.10691e-05
271, 2.09472e-05
272, 2.08264e-05
273, 2.07066e-05
274, 2.05879e-05
275, 2.04702e-05
276, 2.03535e-05
277, 2.02378e-05
278, 2.01231e-05
279, 2.00094e-05
280, 1.98966e-05
