0.1001330556,	1.685690278
0.2004038889,	3.482108056
0.3003497222,	5.150964444
0.4000427778,	6.832918333
0.4998455556,	8.463683333
0.5998727778,	10.14414472
0.7000202778,	11.77661167
0.8002011111,	13.39418889
0.9003483333,	15.01527306
1.000226111,	16.67514917
1.099982222,	18.26396861
1.199848889,	19.89806639
1.300013056,	21.48296167
1.400086667,	23.05293972
1.500295,	24.63098806
1.600397778,	26.21527389
1.700163333,	27.72697556
1.799876944,	29.241815
1.899856111,	30.74729222
1.999977778,	32.20479444
2.100109444,	33.65643083
2.200305556,	35.04660222
2.300320278,	36.41194389
2.400083333,	37.76987889
2.499865,	39.02258972
2.599960833,	40.309035
2.700056667,	41.50979361
2.800188611,	42.70812972
2.900375,	43.87573139
3.000270833,	44.95603361
3.099961667,	45.98499917
3.199837222,	46.96560389
3.299879722,	47.94410972
3.400075556,	48.88907111
3.500241111,	49.72337972
3.600337778,	50.53218222
3.700195278,	51.32930417
3.799969444,	52.08023306
3.899893056,	52.78361528
4.000053056,	53.19902667
4.100091111,	53.94501889
4.200299722,	54.59250778
4.300336389,	55.13545944
