1,4070.95,-21815.4,408.786
2,6751.42,-23739.7,1417.52
3,8659.6,-25411.5,2489.93
4,9249.62,-26724,3503.41
5,8557.22,-27676.4,4423.55
6,6975.92,-28334.7,5289.4
7,5004.26,-28793.4,6183.2
8,3064.53,-29155.1,7186.51
9,1421.62,-29518.1,8343.81
10,181.875,-29966,9647.98
11,-665.77,-30557.8,11048
12,-1198.21,-31322,12469.5
13,-1514.8,-32257.8,13835.4
14,-1708.14,-33343.1,15081.7
15,-1848.87,-34546.4,16163.1
16,-1981.66,-35837.6,17053.5
17,-2129.03,-37194.7,17742.5
18,-2299.49,-38605.3,18231.5
19,-2496.22,-40064,18530.2
20,-2723.56,-41567,18655.2
21,-2990.01,-43108.4,18628
22,-3307.56,-44677.3,18473.7
23,-3688.86,-46258.3,18220
24,-4143.42,-47833,17895.5
25,-4674.63,-49382.9,17527.8
26,-5278.04,-50891.7,17142.5
27,-5941.21,-52347.3,16761.7
28,-6644.94,-53742.2,16402.7
29,-7365.15,-55073.1,16077.8
30,-8075.05,-56340,15793.7
31,-8747.17,-57544.6,15552.2
32,-9355.09,-58688.8,15350.1
33,-9874.67,-59773.9,15181
34,-10284.9,-60800,15035.9
35,-10568.5,-61765.4,14904.5
36,-10712.3,-62667.1,14776.5
37,-10707.4,-63500.9,14642.4
38,-10549.4,-64262.1,14494.3
39,-10238.6,-64945.8,14326.5
40,-9779.9,-65547.3,14135.9
41,-9182.67,-66062.8,13921.7
42,-8460.47,-66489.6,13685.9
43,-7630.4,-66826.7,13432.6
44,-6712.51,-67074.9,13168.4
45,-5728.69,-67237.2,12901.3
46,-4701.96,-67318.8,12640.7
47,-3655.35,-67327.8,12396.6
48,-2611.07,-67274.7,12179.2
49,-1589.79,-67172.4,11998
50,-610.041,-67036,11861.2
51,312.235,-66882.4,11775
52,1163.89,-66729.4,11743
53,1934.71,-66595.2,11766.1
54,2617.36,-66497.6,11841.5
55,3207.39,-66453.2,11963.6
56,3702.94,-66476.6,12123.3
57,4104.59,-66579.6,12309
58,4415.07,-66771,12506.8
59,4638.94,-67056.4,12701.4
60,4782.14,-67437.8,12876.7
61,4851.73,-67913.8,13016.9
62,4855.26,-68480.3,13106.9
63,4800.41,-69130.3,13133.4
64,4694.5,-69855,13085.3
65,4544.14,-70644,12954
66,4354.83,-71486.2,12733.7
67,4130.84,-72370,12421.6
68,3875.06,-73284.2,12017.6
69,3589.04,-74217.9,11523.9
70,3273.2,-75161.3,10945.1
71,2927.02,-76105.3,10287.5
72,2549.42,-77042.4,9558.8
73,2139.07,-77965.7,8767.51
74,1694.72,-78869.6,7922.85
75,1215.55,-79749.6,7034.3
76,701.355,-80601.6,6111.35
77,152.749,-81422.6,5163.4
78,-428.721,-82210,4199.55
79,-1040.58,-82961.5,3228.65
80,-1679.4,-83675.5,2259.21
81,-2340.91,-84350.8,1299.42
82,-3020.06,-84986.3,357.183
83,-3711.17,-85581.5,-559.915
84,-4408.02,-86136.5,-1444.6
85,-5104.05,-86651.9,-2289.94
86,-5792.48,-87128.7,-3089.46
87,-6466.53,-87568.9,-3837.22
88,-7119.57,-87974.9,-4527.94
89,-7745.34,-88350.1,-5157.13
90,-8338.15,-88698.6,-5721.27
91,-8893,-89024.8,-6217.89
92,-9405.83,-89334.2,-6645.73
93,-9873.6,-89632.4,-7004.78
94,-10294.4,-89925.6,-7296.33
95,-10667.4,-90219.9,-7522.95
96,-10993,-90521.7,-7688.43
97,-11272.8,-90837.1,-7797.68
98,-11509.3,-91171.9,-7856.56
99,-11705.7,-91531.4,-7871.69
100,-11866.2,-91920.3,-7850.26
101,-11995.1,-92342.5,-7799.74
102,-12097.1,-92800.9,-7727.72
103,-12176.9,-93297.6,-7641.62
104,-12239,-93833.8,-7548.55
105,-12287.5,-94409.3,-7455.05
106,-12326.1,-95023.2,-7367.03
107,-12357.6,-95673.6,-7289.57
108,-12384.5,-96357.7,-7226.93
109,-12408.4,-97071.8,-7182.44
110,-12430.3,-97811.7,-7158.59
111,-12450.5,-98572.8,-7156.94
112,-12469,-99349.9,-7178.31
113,-12485.5,-100138,-7222.73
114,-12499.4,-100932,-7289.62
115,-12510.3,-101726,-7377.83
116,-12517.8,-102517,-7485.75
117,-12521.8,-103300,-7611.4
118,-12522.7,-104072,-7752.51
119,-12521.4,-104829,-7906.56
120,-12519.4,-105571,-8070.91
121,-12518.7,-106296,-8242.8
122,-12521.8,-107003,-8419.4
123,-12532.1,-107694,-8597.86
124,-12553.2,-108370,-8775.33
125,-12588.8,-109033,-8949.02
126,-12643.3,-109686,-9116.17
127,-12720.6,-110331,-9274.13
128,-12824.8,-110974,-9420.37
129,-12959.7,-111617,-9552.51
130,-13128.3,-112264,-9668.41
131,-13333.3,-112921,-9766.12
132,-13576.6,-113591,-9844.03
133,-13859.3,-114277,-9900.84
134,-14181.3,-114983,-9935.65
135,-14542.1,-115712,-9947.95
136,-14939.8,-116466,-9937.72
137,-15371.9,-117246,-9905.39
138,-15835,-118055,-9851.92
139,-16325,-118891,-9778.71
140,-16837.2,-119755,-9687.65
141,-17366.3,-120645,-9581.07
142,-17906.8,-121560,-9461.71
143,-18453,-122495,-9332.61
144,-18999,-123449,-9197.13
145,-19539.1,-124416,-9058.79
146,-20067.8,-125393,-8921.23
147,-20580,-126374,-8788.14
148,-21070.8,-127354,-8663.14
149,-21535.9,-128328,-8549.72
150,-21971.6,-129288,-8451.2
151,-22374.9,-130231,-8370.62
152,-22743.2,-131149,-8310.72
153,-23074.6,-132038,-8273.88
154,-23368.1,-132891,-8262.09
155,-23622.8,-133705,-8276.97
156,-23838.8,-134474,-8319.69
157,-24016.5,-135194,-8391.03
158,-24157.1,-135863,-8491.37
159,-24261.8,-136477,-8620.7
160,-24332.7,-137035,-8778.63
161,-24371.9,-137534,-8964.43
162,-24382,-137974,-9177.06
163,-24365.9,-138356,-9415.14
164,-24326.7,-138679,-9677.07
165,-24267.7,-138945,-9960.97
166,-24192.6,-139155,-10264.8
167,-24104.9,-139313,-10586.2
168,-24008.6,-139420,-10922.8
169,-23907.6,-139480,-11272
170,-23805.9,-139496,-11631.2
171,-23707.7,-139472,-11997.6
172,-23617,-139412,-12368.4
173,-23537.9,-139318,-12740.9
174,-23474.4,-139196,-13112.2
175,-23430.2,-139049,-13479.8
176,-23409.1,-138879,-13840.9
177,-23414.3,-138691,-14193.2
178,-23449.1,-138486,-14534.3
179,-23516.2,-138268,-14862.2
180,-23617.8,-138038,-15174.9
181,-23755.8,-137799,-15470.9
182,-23931.7,-137551,-15748.7
183,-24146.1,-137295,-16007.4
184,-24399.3,-137032,-16246.1
185,-24691.2,-136762,-16464.2
186,-25020.6,-136484,-16661.7
187,-25386.2,-136198,-16838.5
188,-25786,-135902,-16994.8
189,-26217.5,-135595,-17131.3
190,-26677.7,-135276,-17248.5
191,-27163.3,-134943,-17347.3
192,-27670.4,-134594,-17428.6
193,-28195.3,-134227,-17493.6
194,-28733.6,-133840,-17543.2
195,-29281,-133431,-17578.5
196,-29833.2,-132999,-17600.7
197,-30385.8,-132541,-17610.7
198,-30934.6,-132057,-17609.4
199,-31475.3,-131545,-17597.7
200,-32004.1,-131003,-17576.2
201,-32517.3,-130432,-17545.6
202,-33011.3,-129831,-17506.1
203,-33483.2,-129199,-17458.2
204,-33930.1,-128537,-17401.8
205,-34349.5,-127845,-17337.1
206,-34739.3,-127124,-17263.9
207,-35097.7,-126374,-17181.9
208,-35423.2,-125598,-17090.9
209,-35714.7,-124797,-16990.4
210,-35971.3,-123972,-16880
211,-36192.5,-123125,-16759.2
212,-36377.7,-122259,-16627.6
213,-36527.1,-121375,-16484.6
214,-36640.5,-120477,-16329.8
215,-36718.5,-119566,-16162.8
216,-36761.3,-118644,-15983.4
217,-36769.7,-117714,-15791.2
218,-36744.4,-116778,-15586.1
219,-36686.3,-115837,-15368.1
220,-36596.5,-114895,-15137.2
221,-36476,-113951,-14893.5
222,-36326.1,-113008,-14637.4
223,-36148.2,-112067,-14369.1
224,-35943.7,-111128,-14089.3
225,-35714.2,-110193,-13798.3
226,-35461.4,-109262,-13497
227,-35187.1,-108334,-13186
228,-34893.1,-107409,-12866.1
229,-34581.5,-106489,-12538.3
230,-34254.3,-105571,-12203.3
231,-33913.9,-104655,-11862.2
232,-33562.4,-103741,-11515.8
233,-33202.4,-102828,-11165.2
234,-32836.2,-101914,-10811.3
235,-32466.7,-100999,-10455.1
236,-32096.3,-100082,-10097.5
237,-31727.8,-99162.5,-9739.39
238,-31364,-98238.8,-9381.71
239,-31007.6,-97310.6,-9025.26
240,-30661.5,-96377.5,-8670.83
241,-30328.3,-95439.1,-8319.19
242,-30010.7,-94495.1,-7971.05
243,-29711.3,-93545.5,-7627.08
244,-29432.6,-92590.6,-7287.88
245,-29176.8,-91630.6,-6954.05
246,-28946,-90666.2,-6626.11
247,-28742.3,-89698.1,-6304.56
248,-28567.1,-88727.1,-5989.87
249,-28421.9,-87754.3,-5682.46
250,-28307.8,-86781,-5382.74
251,-28225.5,-85808.2,-5091.09
252,-28175.4,-84837.5,-4807.86
253,-28157.6,-83870.2,-4533.39
254,-28171.7,-82907.6,-4268.01
255,-28217.1,-81951.3,-4012.02
256,-28292.6,-81002.4,-3765.73
257,-28396.8,-80062.4,-3529.41
258,-28527.8,-79132.5,-3303.34
259,-28683.6,-78213.7,-3087.78
260,-28861.5,-77306.9,-2882.97
261,-29058.7,-76413.1,-2689.13
262,-29272.2,-75532.7,-2506.49
263,-29498.5,-74666.5,-2335.2
264,-29734,-73814.6,-2175.44
265,-29975,-72977.1,-2027.3
266,-30217.6,-72154.2,-1890.88
267,-30457.8,-71345.7,-1766.19
268,-30691.6,-70551.2,-1653.23
269,-30915,-69770.3,-1551.9
270,-31124,-69002.4,-1462.09
271,-31314.8,-68247,-1383.57
272,-31483.8,-67503.4,-1316.08
273,-31627.4,-66770.7,-1259.27
274,-31742.4,-66048.3,-1212.71
275,-31825.8,-65335.2,-1175.91
276,-31875.1,-64630.9,-1148.29
277,-31888.1,-63934.5,-1129.2
278,-31862.7,-63245.4,-1117.93
279,-31797.5,-62562.9,-1113.7
280,-31691.6,-61886.6,-1115.65
281,-31544.1,-61215.9,-1122.9
282,-31355.1,-60550.6,-1134.48
283,-31124.6,-59890.5,-1149.42
284,-30853.3,-59235.3,-1166.69
285,-30542.3,-58585.2,-1185.29
286,-30193.1,-57940,-1204.16
287,-29807.4,-57300,-1222.28
288,-29387.4,-56665.5,-1238.64
289,-28935.4,-56036.7,-1252.24
290,-28454.2,-55414,-1262.13
291,-27946.7,-54797.8,-1267.42
292,-27415.9,-54188.4,-1267.26
293,-26865.1,-53586.4,-1260.87
294,-26297.5,-52992.1,-1247.54
295,-25716.5,-52405.9,-1226.65
296,-25125.3,-51828.1,-1197.64
297,-24527.3,-51259.1,-1160.09
298,-23925.5,-50698.9,-1113.6
299,-23323,-50147.7,-1057.92
300,-22722.7,-49605.4,-992.859
301,-22127.1,-49072,-918.325
302,-21538.7,-48547.1,-834.305
303,-20959.7,-48030.4,-740.869
304,-20391.7,-47521.4,-638.153
305,-19836.4,-47019.3,-526.36
306,-19295,-46523.4,-405.763
307,-18768.4,-46032.9,-276.664
308,-18257.1,-45546.5,-139.416
309,-17761.3,-45063.3,5.61461
310,-17281.1,-44581.8,158.019
311,-16816.1,-44100.8,317.402
312,-16365.5,-43618.8,483.358
313,-15928.6,-43134.3,655.502
314,-15504.2,-42645.8,833.462
315,-15091,-42151.8,1016.89
316,-14687.5,-41650.5,1205.48
317,-14292,-41140.6,1398.96
318,-13902.8,-40620.4,1597.1
319,-13518.1,-40088.4,1799.69
320,-13136,-39543.2,2006.61
321,-12754.7,-38983.5,2217.75
322,-12372.4,-38407.9,2433.06
323,-11987.4,-37815.2,2652.52
324,-11597.9,-37204.5,2876.14
325,-11202.3,-36574.7,3103.97
326,-10799.5,-35924.9,3336.07
327,-10387.9,-35254.6,3572.51
328,-9966.64,-34563,3813.39
329,-9534.8,-33849.8,4058.75
330,-9091.68,-33114.5,4308.69
331,-8636.83,-32357,4563.21
332,-8169.99,-31577.1,4822.32
333,-7691.15,-30774.8,5085.97
334,-7200.46,-29950.2,5354.09
335,-6698.32,-29103.4,5626.52
336,-6185.28,-28234.6,5903.04
337,-5662.13,-27344.2,6183.38
338,-5129.76,-26432.4,6467.18
339,-4589.26,-25499.7,6754.02
340,-4041.87,-24546.4,7043.39
341,-3488.91,-23572.9,7334.73
342,-2931.81,-22579.6,7627.39
343,-2372.08,-21567,7920.66
344,-1811.27,-20535.4,8213.76
345,-1250.99,-19485.2,8505.86
346,-692.805,-18416.8,8796.08
347,-138.326,-17330.4,9083.49
348,410.89,-16226.5,9367.15
349,953.316,-15105.2,9646.08
350,1487.5,-13966.9,9919.31
351,2012.08,-12811.7,10185.8
352,2525.77,-11639.9,10444.7
353,3027.42,-10451.7,10695
354,3515.97,-9247.34,10935.7
355,3990.5,-8026.93,11166.1
356,4450.2,-6790.73,11385.3
357,4894.42,-5538.98,11592.7
358,5322.64,-4271.95,11787.4
359,5734.51,-2989.92,11969.1
360,6129.81,-1693.24,12137.1
361,6508.43,-382.276,12291.2
362,6870.45,942.527,12430.9
363,7216.09,2280.67,12556.3
364,7545.65,3631.6,12667.1
365,7859.61,4994.72,12763.4
366,8158.57,6369.32,12845.4
367,8443.24,7754.69,12913.3
368,8714.43,9150.01,12967.4
369,8973.08,10554.4,13008.2
370,9220.23,11967,13036.1
371,9456.98,13386.9,13051.7
372,9684.56,14813,13055.7
373,9904.21,16244.3,13048.7
374,10117.3,17679.9,13031.6
375,10325.2,19118.5,13005
376,10529.3,20559.3,12969.8
377,10731.1,22001.1,12926.8
378,10932,23442.9,12876.7
379,11133.7,24883.6,12820.5
380,11337.4,26322.4,12758.7
381,11544.7,27758.2,12692.3
382,11757,29190.2,12621.9
383,11975.6,30617.6,12548.2
384,12202,32039.5,12471.8
385,12437.3,33455.2,12393.2
386,12682.6,34864,12313
387,12939.2,36265.5,12231.7
388,13207.8,37658.9,12149.5
389,13489.4,39044,12067
390,13784.5,40420.1,11984.2
391,14093.9,41787.1,11901.6
392,14417.9,43144.6,11819.2
393,14756.7,44492.3,11737.2
394,15110.5,45830.1,11655.6
395,15479.2,47157.8,11574.6
396,15862.5,48475.1,11494.3
397,16260,49782.1,11414.6
398,16671.2,51078.6,11335.5
399,17095.3,52364.5,11257.1
400,17531.5,53639.7,11179.5
401,17978.6,54904.1,11102.6
402,18435.4,56157.7,11026.5
403,18900.8,57400.3,10951.4
404,19373.2,58631.8,10877.2
405,19851,59852,10804.2
406,20332.6,61060.8,10732.5
407,20816.3,62257.9,10662.3
408,21300.4,63443.2,10594
409,21783,64616.3,10527.7
410,22262.2,65777,10463.7
411,22736.3,66924.9,10402.5
412,23203.4,68059.7,10344.3
413,23661.7,69181.1,10289.6
414,24109.6,70288.6,10238.7
415,24545.3,71382,10192.1
416,24967.3,72460.6,10150.2
417,25374.1,73524.2,10113.3
418,25764.6,74572.3,10081.8
419,26137.4,75604.4,10056.2
420,26491.6,76620.2,10036.6
421,26826.3,77619.3,10023.5
422,27140.8,78601.2,10017
423,27434.7,79565.7,10017.3
424,27707.6,80512.3,10024.6
425,27959.4,81440.8,10038.9
426,28190.2,82350.8,10060.2
427,28400.2,83242.1,10088.5
428,28590,84114.6,10123.5
429,28760,84967.9,10165.1
430,28911.1,85802.1,10212.9
431,29044.2,86616.9,10266.6
432,29160.5,87412.3,10325.7
433,29261.1,88188.3,10389.7
434,29347.4,88944.9,10457.9
435,29420.9,89682.2,10529.7
436,29483.1,90400.1,10604.5
437,29535.5,91098.9,10681.4
438,29579.9,91778.7,10759.6
439,29617.8,92439.5,10838.3
440,29651,93081.6,10916.7
441,29681.2,93705.2,10993.9
442,29710,94310.5,11069
443,29738.9,94897.7,11141
444,29769.6,95467,11209.2
445,29803.4,96018.7,11272.7
446,29841.8,96553,11330.6
447,29886,97070.1,11382.2
448,29937.1,97570.3,11426.7
449,29996.2,98053.8,11463.4
450,30064,98521,11491.6
451,30141.4,98971.9,11510.7
452,30228.8,99406.9,11520.2
453,30326.7,99826.2,11519.5
454,30435.4,100230,11508.3
455,30554.9,100619,11486.2
456,30685.2,100992,11452.9
457,30826,101351,11408.1
458,30977.1,101695,11351.7
459,31137.9,102026,11283.6
460,31307.7,102342,11203.7
461,31485.9,102645,11111.9
462,31671.5,102934,11008.4
463,31863.6,103210,10893.3
464,32061.1,103474,10766.6
465,32262.8,103726,10628.6
466,32467.5,103965,10479.4
467,32673.9,104193,10319.3
468,32880.8,104411,10148.6
469,33086.7,104618,9967.56
470,33290.2,104814,9776.47
471,33490.1,105002,9575.65
472,33684.9,105181,9365.45
473,33873.3,105351,9146.21
474,34054,105514,8918.27
475,34225.7,105670,8681.98
476,34387.2,105820,8437.69
477,34537.3,105964,8185.74
478,34675,106103,7926.51
479,34799.2,106238,7660.32
480,34908.9,106370,7387.53
481,35003.4,106500,7108.49
482,35081.9,106627,6823.53
483,35143.7,106754,6532.98
484,35188.3,106880,6237.21
485,35215.2,107007,5936.55
486,35224.1,107135,5631.33
487,35214.6,107265,5321.92
488,35186.6,107397,5008.66
489,35140.1,107533,4691.91
490,35075,107673,4372.03
491,34991.6,107817,4049.39
492,34889.9,107967,3724.38
493,34770.3,108122,3397.38
494,34633.2,108284,3068.78
495,34479.1,108453,2739.02
496,34308.3,108628,2408.49
497,34121.6,108812,2077.64
498,33919.6,109003,1746.91
499,33702.8,109203,1416.73
500,33472.2,109412,1087.57
501,33228.5,109629,759.869
502,32972.5,109856,434.11
503,32705.1,110092,110.75
504,32427.1,110337,-209.744
505,32139.5,110591,-526.916
506,31843.1,110855,-840.304
507,31538.9,111128,-1149.47
508,31227.8,111410,-1453.97
509,30910.8,111701,-1753.39
510,30588.7,112001,-2047.32
511,30262.5,112310,-2335.37
512,29933.1,112628,-2617.2
513,29601.3,112953,-2892.45
514,29268,113287,-3160.82
515,28934,113627,-3422.02
516,28600.1,113975,-3675.82
517,28267.2,114329,-3921.99
518,27935.8,114689,-4160.35
519,27606.8,115054,-4390.78
520,27280.7,115424,-4613.15
521,26958.2,115799,-4827.39
522,26639.8,116177,-5033.48
523,26326.1,116558,-5231.41
524,26017.5,116942,-5421.22
525,25714.4,117327,-5602.97
526,25417.3,117712,-5776.8
527,25126.4,118098,-5942.84
528,24842.1,118483,-6101.25
529,24564.5,118867,-6252.24
530,24294,119249,-6396.02
531,24030.5,119627,-6532.87
532,23774.3,120002,-6663.05
533,23525.3,120372,-6786.85
534,23283.6,120736,-6904.58
535,23049.3,121095,-7016.58
536,22822.1,121446,-7123.18
537,22602.1,121790,-7224.73
538,22389.1,122126,-7321.57
539,22182.9,122452,-7414.08
540,21983.5,122769,-7502.61
541,21790.6,123075,-7587.51
542,21603.9,123370,-7669.17
543,21423.3,123653,-7747.91
544,21248.4,123924,-7824.09
545,21079,124183,-7898.06
546,20914.7,124428,-7970.13
547,20755.4,124659,-8040.63
548,20600.6,124877,-8109.89
549,20450.1,125079,-8178.19
550,20303.4,125267,-8245.8
551,20160.4,125440,-8313
552,20020.5,125597,-8380.04
553,19883.4,125739,-8447.16
554,19748.8,125864,-8514.57
555,19616.3,125974,-8582.49
556,19485.5,126067,-8651.11
557,19356.1,126144,-8720.59
558,19227.6,126205,-8791.09
559,19099.6,126249,-8862.77
560,18971.8,126276,-8935.74
561,18843.7,126287,-9010.12
562,18714.9,126281,-9086.01
563,18585.1,126259,-9163.48
564,18453.8,126220,-9242.61
565,18320.6,126164,-9323.46
566,18185,126092,-9406.06
567,18046.7,126003,-9490.45
568,17905.3,125897,-9576.64
569,17760.2,125775,-9664.64
570,17611.3,125635,-9754.44
571,17458,125479,-9846.03
572,17299.9,125306,-9939.37
573,17136.8,125117,-10034.4
574,16968.2,124910,-10131.1
575,16793.8,124686,-10229.5
576,16613.3,124445,-10329.3
577,16426.4,124186,-10430.6
578,16232.9,123910,-10533.2
579,16032.6,123616,-10637.1
580,15825.1,123305,-10742.1
581,15610.4,122975,-10848.2
582,15388.4,122628,-10955.1
583,15159,122261,-11062.7
584,14922,121877,-11170.8
585,14677.7,121473,-11279.4
586,14425.9,121050,-11388.2
587,14166.9,120608,-11496.9
588,13900.7,120146,-11605.6
589,13627.6,119664,-11713.8
590,13347.8,119162,-11821.4
591,13061.7,118640,-11928.1
592,12769.5,118097,-12033.8
593,12471.8,117534,-12138.2
594,12169,116950,-12240.9
595,11861.6,116344,-12341.8
596,11550.1,115718,-12440.6
597,11235.1,115070,-12537
598,10917.3,114400,-12630.6
599,10597.3,113709,-12721.3
600,10275.9,112996,-12808.8
601,9953.69,112262,-12892.7
602,9631.48,111506,-12972.7
603,9310.03,110728,-13048.6
604,8990.13,109929,-13120
605,8672.57,109109,-13186.7
606,8358.11,108267,-13248.4
607,8047.54,107404,-13304.8
608,7741.64,106520,-13355.6
609,7441.16,105616,-13400.6
610,7146.87,104691,-13439.5
611,6859.45,103747,-13472
612,6579.57,102783,-13498
613,6307.89,101800,-13517.1
614,6045.02,100798,-13529.2
615,5791.5,99777.5,-13534.1
616,5547.84,98739.7,-13531.6
617,5314.48,97684.7,-13521.5
618,5091.83,96613.3,-13503.7
619,4880.18,95525.9,-13478
620,4679.81,94423.2,-13444.4
621,4490.92,93306,-13402.7
622,4313.63,92175,-13352.8
623,4148.02,91030.8,-13294.8
624,3994.04,89874.3,-13228.5
625,3851.63,88706.1,-13153.9
626,3720.62,87527.2,-13071.1
627,3600.81,86338.3,-12980
628,3491.88,85140.1,-12880.7
629,3393.47,83933.7,-12773.2
630,3305.15,82719.7,-12657.7
631,3226.47,81499,-12534.1
632,3156.88,80272.6,-12402.7
633,3095.79,79041.1,-12263.6
634,3042.55,77805.4,-12116.8
635,2996.48,76566.4,-11962.6
636,2956.88,75325,-11801.1
637,2922.98,74081.8,-11632.5
638,2894,72837.7,-11457.1
639,2869.16,71593.4,-11275
640,2847.62,70349.8,-11086.5
641,2828.59,69107.6,-10891.8
642,2811.22,67867.4,-10691.3
643,2794.7,66630,-10485.1
644,2778.22,65396,-10273.6
645,2761,64166.1,-10057
646,2742.27,62940.9,-9835.67
647,2721.28,61721,-9609.93
648,2697.31,60506.8,-9380.06
649,2669.73,59299,-9146.41
650,2637.92,58098,-8909.31
651,2601.32,56904.2,-8669.09
652,2559.39,55718,-8426.1
653,2511.69,54539.9,-8180.7
654,2457.83,53370.2,-7933.22
655,2397.49,52209.2,-7684.03
656,2330.38,51057.1,-7433.49
657,2256.34,49914.2,-7181.94
658,2175.25,48780.7,-6929.75
659,2087.04,47656.9,-6677.27
660,1991.75,46542.7,-6424.86
661,1889.47,45438.4,-6172.86
662,1780.38,44344.1,-5921.63
663,1664.7,43259.8,-5671.49
664,1542.75,42185.4,-5422.81
665,1414.89,41121.2,-5175.89
666,1281.56,40066.9,-4931.06
667,1143.23,39022.6,-4688.62
668,1000.46,37988.2,-4448.88
669,853.848,36963.6,-4212.13
670,704.041,35948.8,-3978.63
671,551.716,34943.6,-3748.65
672,397.616,33947.8,-3522.43
673,242.471,32961.3,-3300.21
674,87.0633,31984,-3082.21
675,-67.8123,31015.7,-2868.61
676,-221.34,30056.1,-2659.59
677,-372.704,29105.2,-2455.31
678,-521.083,28162.6,-2255.9
679,-665.666,27228.2,-2061.48
680,-805.643,26301.8,-1872.14
681,-940.241,25383.1,-1687.95
682,-1068.71,24471.9,-1508.95
683,-1190.31,23568,-1335.18
684,-1304.35,22671.1,-1166.62
685,-1410.18,21781,-1003.27
686,-1507.18,20897.5,-845.065
687,-1594.79,20020.3,-691.94
688,-1672.5,19149.3,-543.797
689,-1739.88,18284,-400.524
690,-1796.53,17424.4,-261.972
691,-1842.14,16570.1,-127.984
692,-1876.46,15720.9,1.62742
693,-1899.3,14876.6,127.058
694,-1910.53,14037,248.536
695,-1910.13,13201.7,366.305
696,-1898.11,12370.7,480.615
697,-1874.61,11543.5,591.744
698,-1839.77,10720.1,699.97
699,-1793.86,9900.05,805.597
700,-1737.18,9083.26,908.934
701,-1670.11,8269.45,1010.31
702,-1593.09,7458.39,1110.05
703,-1506.66,6649.83,1208.48
704,-1411.36,5843.54,1305.94
705,-1307.85,5039.28,1402.77
706,-1196.76,4236.81,1499.31
707,-1078.83,3435.88,1595.89
708,-954.842,2636.25,1692.87
709,-825.569,1837.67,1790.56
710,-691.843,1039.91,1889.28
711,-554.533,242.694,1989.35
712,-414.504,-554.22,2091.08
713,-272.659,-1351.09,2194.75
714,-129.893,-2148.19,2300.66
715,12.8767,-2945.77,2409.06
716,154.778,-3744.1,2520.19
717,294.916,-4543.46,2634.3
718,432.402,-5344.11,2751.6
719,566.401,-6146.35,2872.28
720,696.06,-6950.46,2996.52
721,820.597,-7756.71,3124.47
722,939.26,-8565.4,3256.27
723,1051.31,-9376.83,3392.02
724,1156.06,-10191.3,3531.82
725,1252.9,-11009.1,3675.73
726,1341.23,-11830.5,3823.79
727,1420.54,-12655.9,3976.03
728,1490.41,-13485.5,4132.44
729,1550.39,-14319.6,4293
730,1600.19,-15158.6,4457.65
731,1639.48,-16002.7,4626.33
732,1668.12,-16852.2,4798.94
733,1685.93,-17707.5,4975.38
734,1692.87,-18568.7,5155.53
735,1688.93,-19436.3,5339.23
736,1674.17,-20310.5,5526.29
737,1648.71,-21191.5,5716.54
738,1612.77,-22079.6,5909.77
739,1566.57,-22975.1,6105.75
740,1510.43,-23878.1,6304.26
741,1444.71,-24789,6505.03
742,1369.83,-25707.9,6707.81
743,1286.26,-26635,6912.32
744,1194.51,-27570.6,7118.27
745,1095.11,-28514.7,7325.37
746,988.636,-29467.5,7533.3
747,875.696,-30429.1,7741.75
748,756.957,-31399.7,7950.41
749,633.038,-32379.3,8158.96
750,504.608,-33368.1,8367.05
751,372.351,-34365.9,8574.36
752,236.942,-35372.9,8780.56
753,99.0556,-36389.1,8985.3
754,-40.6458,-37414.4,9188.26
755,-181.531,-38448.8,9389.09
756,-322.947,-39492.2,9587.47
757,-464.283,-40544.6,9783.08
758,-604.951,-41605.7,9975.59
759,-744.421,-42675.5,10164.7
760,-882.175,-43753.8,10350
761,-1017.75,-44840.5,10531.4
762,-1150.71,-45935.2,10708.4
763,-1280.69,-47037.9,10880.8
764,-1407.34,-48148.2,11048.3
765,-1530.41,-49265.8,11210.7
766,-1649.64,-50390.6,11367.6
767,-1764.88,-51522.1,11519
768,-1876.03,-52660.1,11664.4
769,-1983,-53804.2,11803.8
770,-2085.81,-54954,11936.9
771,-2184.5,-56109.2,12063.6
772,-2279.2,-57269.4,12183.6
773,-2370.03,-58434.1,12296.9
774,-2457.24,-59603,12403.2
775,-2541.06,-60775.5,12502.5
776,-2621.83,-61951.3,12594.7
777,-2699.86,-63129.9,12679.7
778,-2775.55,-64310.8,12757.5
779,-2849.33,-65493.5,12827.8
780,-2921.64,-66677.5,12890.9
781,-2992.96,-67862.4,12946.6
782,-3063.8,-69047.5,12994.9
783,-3134.69,-70232.3,13035.9
784,-3206.14,-71416.4,13069.5
785,-3278.72,-72599.1,13096
786,-3352.96,-73780,13115.2
787,-3429.42,-74958.4,13127.4
788,-3508.63,-76133.8,13132.6
789,-3591.13,-77305.6,13130.9
790,-3677.43,-78473.2,13122.6
791,-3768.05,-79636.1,13107.6
792,-3863.45,-80793.7,13086.2
793,-3964.11,-81945.3,13058.5
794,-4070.43,-83090.5,13024.8
795,-4182.81,-84228.5,12985.2
796,-4301.59,-85358.9,12939.9
797,-4427.07,-86481,12889.1
798,-4559.56,-87594.2,12833.1
799,-4699.28,-88698.1,12772
800,-4846.39,-89791.9,12706.2
801,-5001.04,-90875.1,12635.8
802,-5163.32,-91947.2,12561
803,-5333.26,-93007.6,12482.2
804,-5510.87,-94055.7,12399.5
805,-5696.08,-95091.1,12313.2
806,-5888.79,-96113.2,12223.5
807,-6088.89,-97121.4,12130.6
808,-6296.15,-98115.3,12034.9
809,-6510.32,-99094.3,11936.5
810,-6731.16,-100058,11835.7
811,-6958.3,-101006,11732.7
812,-7191.45,-101938,11627.7
813,-7430.21,-102853,11520.8
814,-7674.15,-103752,11412.4
815,-7922.81,-104633,11302.6
816,-8175.77,-105496,11191.7
817,-8432.53,-106341,11079.7
818,-8692.59,-107167,10966.8
819,-8955.43,-107975,10853.3
820,-9220.52,-108764,10739.2
821,-9487.37,-109534,10624.7
822,-9755.42,-110285,10510
823,-10024.2,-111015,10395.1
824,-10293.1,-111726,10280.1
825,-10561.7,-112417,10165.2
826,-10829.5,-113088,10050.5
827,-11096.1,-113739,9935.97
828,-11360.9,-114369,9821.73
829,-11623.6,-114979,9707.83
830,-11883.7,-115569,9594.32
831,-12140.9,-116138,9481.21
832,-12394.8,-116687,9368.55
833,-12645.2,-117215,9256.34
834,-12891.7,-117723,9144.58
835,-13134.1,-118210,9033.27
836,-13372.3,-118677,8922.4
837,-13606.1,-119124,8811.94
838,-13835.3,-119551,8701.85
839,-14059.8,-119959,8592.09
840,-14279.7,-120346,8482.62
841,-14495,-120713,8373.37
842,-14705.5,-121062,8264.28
843,-14911.6,-121390,8155.28
844,-15113.1,-121700,8046.28
845,-15310.3,-121991,7937.2
846,-15503.3,-122263,7827.94
847,-15692.4,-122517,7718.41
848,-15877.7,-122752,7608.49
849,-16059.6,-122970,7498.08
850,-16238.2,-123169,7387.06
851,-16413.9,-123352,7275.31
852,-16587,-123516,7162.71
853,-16757.9,-123664,7049.13
854,-16926.7,-123796,6934.44
855,-17094,-123910,6818.51
856,-17260.1,-124009,6701.19
857,-17425.3,-124092,6582.35
858,-17589.9,-124159,6461.86
859,-17754.4,-124211,6339.56
860,-17919.1,-124248,6215.32
861,-18084.3,-124270,6089.01
862,-18250.3,-124277,5960.49
863,-18417.5,-124271,5829.62
864,-18586.3,-124251,5696.26
865,-18756.7,-124217,5560.29
866,-18929.2,-124170,5421.56
867,-19104,-124110,5279.98
868,-19281.3,-124038,5135.41
869,-19461.4,-123953,4987.75
870,-19644.3,-123857,4836.89
871,-19830.3,-123749,4682.73
872,-20019.5,-123629,4525.19
873,-20212,-123499,4364.16
874,-20407.8,-123357,4199.6
875,-20607.1,-123206,4031.42
876,-20809.9,-123044,3859.57
877,-21016.1,-122873,3684.01
878,-21225.8,-122693,3504.71
879,-21438.8,-122503,3321.65
880,-21655.2,-122305,3134.81
881,-21874.8,-122098,2944.19
882,-22097.6,-121883,2749.83
883,-22323.4,-121661,2551.72
884,-22552,-121431,2349.92
885,-22783.3,-121194,2144.48
886,-23017.2,-120951,1935.45
887,-23253.3,-120701,1722.93
888,-23491.5,-120446,1506.99
889,-23731.7,-120185,1287.74
890,-23973.4,-119918,1065.29
891,-24216.7,-119647,839.774
892,-24461.1,-119371,611.324
893,-24706.5,-119091,380.081
894,-24952.6,-118807,146.209
895,-25199.1,-118520,-90.1222
896,-25445.8,-118229,-328.733
897,-25692.5,-117936,-569.435
898,-25938.8,-117640,-812.036
899,-26184.6,-117342,-1056.34
900,-26429.6,-117043,-1302.11
901,-26673.6,-116741,-1549.16
902,-26916.3,-116439,-1797.24
903,-27157.4,-116135,-2046.13
904,-27396.8,-115831,-2295.6
905,-27634.2,-115527,-2545.42
906,-27869.4,-115223,-2795.33
907,-28102.1,-114919,-3045.1
908,-28332.2,-114615,-3294.49
909,-28559.5,-114312,-3543.25
910,-28783.7,-114010,-3791.14
911,-29004.7,-113710,-4037.92
912,-29222.2,-113410,-4283.34
913,-29436,-113112,-4527.17
914,-29645.9,-112816,-4769.17
915,-29851.9,-112522,-5009.1
916,-30053.6,-112229,-5246.75
917,-30250.9,-111939,-5481.88
918,-30443.6,-111650,-5714.28
919,-30631.4,-111364,-5943.73
920,-30814.4,-111081,-6170.03
921,-30992.1,-110799,-6392.97
922,-31164.5,-110520,-6612.36
923,-31331.4,-110243,-6828.02
924,-31492.6,-109968,-7039.77
925,-31647.8,-109696,-7247.44
926,-31797,-109425,-7450.88
927,-31939.9,-109157,-7649.92
928,-32076.4,-108890,-7844.42
929,-32206.3,-108626,-8034.25
930,-32329.4,-108363,-8219.29
931,-32445.5,-108101,-8399.41
932,-32554.4,-107840,-8574.52
933,-32656.1,-107581,-8744.53
934,-32750.3,-107322,-8909.34
935,-32836.8,-107064,-9068.87
936,-32915.6,-106807,-9223.08
937,-32986.4,-106549,-9371.89
938,-33049.2,-106291,-9515.28
939,-33103.9,-106032,-9653.2
940,-33150.3,-105773,-9785.63
941,-33188.3,-105512,-9912.56
942,-33217.8,-105249,-10034
943,-33238.8,-104985,-10149.9
944,-33251.3,-104718,-10260.3
945,-33255.1,-104449,-10365.3
946,-33250.3,-104177,-10464.9
947,-33236.9,-103901,-10559.1
948,-33214.9,-103621,-10647.9
949,-33184.3,-103337,-10731.6
950,-33145.1,-103049,-10810
951,-33097.6,-102755,-10883.3
952,-33041.6,-102456,-10951.6
953,-32977.5,-102151,-11015
954,-32905.3,-101840,-11073.5
955,-32825.1,-101522,-11127.4
956,-32737.2,-101197,-11176.6
957,-32641.7,-100865,-11221.4
958,-32538.9,-100525,-11261.8
959,-32428.9,-100176,-11298
960,-32312.1,-99819,-11330.2
961,-32188.6,-99452.6,-11358.4
962,-32058.7,-99076.8,-11382.8
963,-31922.8,-98691.2,-11403.5
964,-31781.1,-98295.4,-11420.8
965,-31633.9,-97889,-11434.8
966,-31481.5,-97471.7,-11445.6
967,-31324.3,-97043.2,-11453.3
968,-31162.4,-96603,-11458.2
969,-30996.3,-96150.9,-11460.4
970,-30826.3,-95686.7,-11460
971,-30652.6,-95209.9,-11457.2
972,-30475.5,-94720.2,-11452.2
973,-30295.4,-94217.5,-11445.1
974,-30112.5,-93701.4,-11436.1
975,-29927,-93171.7,-11425.2
976,-29739.3,-92628.2,-11412.7
977,-29549.5,-92070.5,-11398.7
978,-29358,-91498.6,-11383.3
979,-29164.9,-90912.2,-11366.7
980,-28970.4,-90311.1,-11348.9
981,-28774.6,-89695.2,-11330.1
982,-28577.7,-89064.4,-11310.4
983,-28379.8,-88418.4,-11290
984,-28181.1,-87757.2,-11268.9
985,-27981.6,-87080.6,-11247.1
986,-27781.3,-86388.6,-11224.9
987,-27580.3,-85681.2,-11202.3
988,-27378.7,-84958.2,-11179.3
989,-27176.3,-84219.6,-11156
990,-26973.2,-83465.5,-11132.4
991,-26769.2,-82695.7,-11108.7
992,-26564.4,-81910.4,-11084.9
993,-26358.6,-81109.6,-11061
994,-26151.7,-80293.3,-11036.9
995,-25943.6,-79461.5,-11012.9
996,-25734.1,-78614.5,-10988.7
997,-25523.1,-77752.3,-10964.6
998,-25310.4,-76874.9,-10940.4
999,-25095.8,-75982.6,-10916.1
1000,-24879.1,-75075.5,-10891.7
1001,-24660.2,-74153.8,-10867.3
1002,-24438.7,-73217.7,-10842.7
1003,-24214.6,-72267.3,-10817.9
1004,-23987.6,-71302.9,-10792.9
1005,-23757.4,-70324.8,-10767.7
1006,-23524,-69333.1,-10742.1
1007,-23287,-68328.1,-10716.1
1008,-23046.4,-67310.2,-10689.6
1009,-22801.8,-66279.6,-10662.6
1010,-22553.2,-65236.5,-10635
1011,-22300.3,-64181.4,-10606.7
1012,-22043.1,-63114.6,-10577.6
1013,-21781.3,-62036.3,-10547.6
1014,-21514.9,-60947,-10516.7
1015,-21243.7,-59847,-10484.6
1016,-20967.6,-58736.6,-10451.4
1017,-20686.5,-57616.3,-10416.9
1018,-20400.5,-56486.3,-10381
1019,-20109.3,-55347.2,-10343.6
1020,-19813.1,-54199.3,-10304.7
1021,-19511.8,-53043,-10264
1022,-19205.4,-51878.7,-10221.5
1023,-18893.9,-50706.9,-10177
1024,-18577.3,-49527.9,-10130.5
1025,-18255.8,-48342.1,-10081.9
1026,-17929.3,-47150,-10031
1027,-17598,-45952,-9977.78
1028,-17262,-44748.6,-9922.07
1029,-16921.3,-43540.1,-9863.8
1030,-16576.1,-42326.9,-9802.88
1031,-16226.6,-41109.6,-9739.18
1032,-15872.8,-39888.5,-9672.65
1033,-15514.9,-38664,-9603.18
1034,-15153.1,-37436.6,-9530.7
1035,-14787.6,-36206.7,-9455.12
1036,-14418.4,-34974.7,-9376.38
1037,-14045.9,-33741,-9294.42
1038,-13670.1,-32506,-9209.16
1039,-13291.2,-31270.1,-9120.57
1040,-12909.4,-30033.8,-9028.59
1041,-12524.9,-28797.4,-8933.19
1042,-12137.9,-27561.2,-8834.32
1043,-11748.4,-26325.8,-8731.98
1044,-11356.7,-25091.5,-8626.14
1045,-10963,-23858.5,-8516.8
1046,-10567.3,-22627.4,-8403.95
1047,-10169.9,-21398.5,-8287.59
1048,-9770.88,-20172.1,-8167.76
1049,-9370.35,-18948.5,-8044.47
1050,-8968.46,-17728.2,-7917.75
1051,-8565.32,-16511.5,-7787.65
1052,-8161.04,-15298.6,-7654.21
1053,-7755.73,-14089.9,-7517.5
1054,-7349.46,-12885.7,-7377.58
1055,-6942.33,-11686.3,-7234.52
1056,-6534.41,-10492.1,-7088.42
1057,-6125.78,-9303.26,-6939.34
1058,-5716.51,-8120.11,-6787.4
1059,-5306.63,-6942.93,-6632.7
1060,-4896.2,-5771.98,-6475.36
1061,-4485.26,-4607.51,-6315.48
1062,-4073.84,-3449.77,-6153.19
1063,-3661.96,-2299.02,-5988.62
1064,-3249.67,-1155.47,-5821.91
1065,-2836.98,-19.3577,-5653.18
1066,-2423.88,1109.1,-5482.59
1067,-2010.44,2229.71,-5310.29
1068,-1596.62,3342.27,-5136.42
1069,-1182.47,4446.6,-4961.13
1070,-767.974,5542.51,-4784.6
1071,-353.131,6629.84,-4606.96
1072,62.035,7708.43,-4428.39
1073,477.503,8778.13,-4249.04
1074,893.298,9838.81,-4069.07
1075,1309.39,10890.3,-3888.64
1076,1725.75,11932.6,-3707.9
1077,2142.4,12965.4,-3527.02
1078,2559.3,13988.8,-3346.15
1079,2976.43,15002.7,-3165.45
1080,3393.78,16006.9,-2985.06
1081,3811.33,17001.4,-2805.13
1082,4229.04,17986.1,-2625.81
1083,4646.88,18961,-2447.23
1084,5064.83,19926.1,-2269.52
1085,5482.85,20881.4,-2092.82
1086,5900.89,21826.9,-1917.25
1087,6318.92,22762.4,-1742.93
1088,6736.86,23688.2,-1569.96
1089,7154.71,24604.2,-1398.45
1090,7572.39,25510.5,-1228.51
1091,7989.86,26407,-1060.22
1092,8407.05,27293.9,-893.653
1093,8823.91,28171.3,-728.904
1094,9240.36,29039.2,-566.028
1095,9656.34,29897.8,-405.089
1096,10071.8,30747.1,-246.139
1097,10486.6,31587.4,-89.2223
1098,10900.7,32418.6,65.6319
1099,11314.1,33241.1,218.392
1100,11726.6,34054.9,369.043
1101,12138.2,34860.2,517.574
1102,12548.8,35657.3,663.977
1103,12958.3,36446.2,808.279
1104,13366.6,37227.3,950.479
1105,13773.6,38000.7,1090.61
1106,14179.2,38766.7,1228.7
1107,14583.4,39525.5,1364.79
1108,14985.9,40277.3,1498.93
1109,15386.8,41022.5,1631.19
1110,15785.9,41761.3,1761.62
1111,16183.1,42493.9,1890.28
1112,16578.2,43220.7,2017.27
1113,16971.2,43941.9,2142.66
1114,17362,44657.8,2266.54
1115,17750.3,45368.8,2389.02
1116,18136.2,46075.2,2510.19
1117,18519.4,46777.2,2630.16
1118,18899.8,47475.2,2749.03
1119,19277.2,48169.5,2866.93
1120,19651.6,48860.5,2983.98
1121,20022.7,49548.4,3100.29
1122,20390.5,50233.6,3215.98
1123,20754.7,50916.5,3331.2
1124,21115.1,51597.3,3446.05
1125,21471.8,52276.3,3560.67
1126,21824.3,52954,3675.2
1127,22172.7,53630.6,3789.75
1128,22516.7,54306.5,3904.45
1129,22856.1,54982,4019.43
1130,23190.7,55657.4,4134.81
1131,23520.5,56332.9,4250.72
1132,23845.1,57009,4367.26
1133,24164.5,57685.8,4484.56
1134,24478.5,58363.8,4602.72
1135,24786.8,59043.1,4721.86
1136,25089.4,59724,4842.05
1137,25386,60406.8,4963.41
1138,25676.6,61091.8,5086.01
1139,25960.8,61779.2,5209.93
1140,26238.6,62469.1,5335.25
1141,26509.9,63161.9,5462.02
1142,26774.5,63857.7,5590.3
1143,27032.2,64556.7,5720.14
1144,27283,65259.1,5851.58
1145,27526.7,65965.1,5984.64
1146,27763.2,66674.7,6119.34
1147,27992.5,67388.2,6255.69
1148,28214.5,68105.5,6393.69
1149,28429,68826.9,6533.32
1150,28636.1,69552.4,6674.57
1151,28835.7,70282.1,6817.4
1152,29027.8,71016,6961.77
1153,29212.4,71754.1,7107.63
1154,29389.4,72496.5,7254.91
1155,29558.8,73243.1,7403.54
1156,29720.8,73993.9,7553.44
1157,29875.4,74749,7704.5
1158,30022.5,75508.1,7856.64
1159,30162.3,76271.4,8009.73
1160,30294.9,77038.5,8163.65
1161,30420.4,77809.6,8318.27
1162,30538.8,78584.3,8473.45
1163,30650.3,79362.7,8629.04
1164,30755,80144.4,8784.89
1165,30853.1,80929.5,8940.83
1166,30944.7,81717.6,9096.69
1167,31029.9,82508.5,9252.3
1168,31109,83302.2,9407.49
1169,31182.1,84098.2,9562.04
1170,31249.5,84896.4,9715.79
1171,31311.2,85696.5,9868.53
1172,31367.5,86498.2,10020.1
1173,31418.6,87301.2,10170.2
1174,31464.6,88105.4,10318.8
1175,31505.8,88910.3,10465.5
1176,31542.4,89715.6,10610.2
1177,31574.5,90521,10752.7
1178,31602.4,91326.2,10892.7
1179,31626.3,92130.9,11030.2
1180,31646.2,92934.6,11164.8
1181,31662.5,93737,11296.4
1182,31675.2,94537.9,11424.7
1183,31684.5,95336.7,11549.7
1184,31690.6,96133.1,11671
1185,31693.6,96926.8,11788.6
1186,31693.7,97717.4,11902.2
1187,31691,98504.5,12011.7
1188,31685.5,99287.7,12116.9
1189,31677.4,100067,12217.7
1190,31666.7,100841,12313.8
1191,31653.5,101610,12405.2
1192,31638,102374,12491.7
1193,31620,103132,12573.3
1194,31599.7,103883,12649.7
1195,31577,104629,12721
1196,31552.1,105367,12786.9
1197,31524.7,106098,12847.4
1198,31495,106821,12902.5
1199,31462.9,107536,12952
1200,31428.4,108243,12996
1201,31391.3,108941,13034.3
1202,31351.6,109630,13066.9
1203,31309.3,110309,13093.9
1204,31264.2,110979,13115.2
1205,31216.3,111638,13130.8
1206,31165.4,112287,13140.7
1207,31111.4,112925,13145
1208,31054.3,113552,13143.6
1209,30993.8,114168,13136.7
1210,30930,114772,13124.2
1211,30862.6,115363,13106.2
1212,30791.5,115943,13082.8
1213,30716.6,116510,13054.2
1214,30637.7,117064,13020.2
1215,30554.8,117605,12981.2
1216,30467.8,118133,12937.1
1217,30376.5,118647,12888.1
1218,30280.7,119147,12834.3
1219,30180.5,119634,12775.8
1220,30075.7,120106,12712.7
1221,29966.3,120563,12645.3
1222,29852.1,121006,12573.5
1223,29733.1,121434,12497.7
1224,29609.2,121846,12417.8
1225,29480.5,122244,12334.2
1226,29346.8,122626,12246.9
1227,29208.2,122992,12156.1
1228,29064.6,123343,12061.9
1229,28916.1,123678,11964.6
1230,28762.6,123996,11864.2
1231,28604.3,124299,11761
1232,28441.2,124585,11655
1233,28273.3,124855,11546.6
1234,28100.7,125108,11435.7
1235,27923.6,125344,11322.6
1236,27741.9,125564,11207.4
1237,27555.9,125767,11090.3
1238,27365.7,125953,10971.4
1239,27171.4,126122,10850.8
1240,26973.2,126274,10728.7
1241,26771.3,126409,10605.3
1242,26565.7,126527,10480.5
1243,26356.8,126628,10354.7
1244,26144.7,126711,10227.8
1245,25929.6,126778,10100
1246,25711.8,126827,9971.31
1247,25491.4,126859,9841.94
1248,25268.6,126874,9711.91
1249,25043.7,126872,9581.31
1250,24817,126852,9450.2
1251,24588.5,126816,9318.65
1252,24358.6,126762,9186.71
1253,24127.5,126692,9054.43
1254,23895.5,126605,8921.85
1255,23662.6,126501,8788.99
1256,23429.2,126381,8655.88
1257,23195.5,126244,8522.54
1258,22961.6,126091,8388.96
1259,22727.8,125921,8255.16
1260,22494.2,125735,8121.13
1261,22261,125534,7986.84
1262,22028.3,125316,7852.29
1263,21796.4,125083,7717.45
1264,21565.4,124835,7582.27
1265,21335.4,124571,7446.72
1266,21106.5,124293,7310.77
1267,20878.7,124000,7174.36
1268,20652.3,123692,7037.44
1269,20427.2,123370,6899.95
1270,20203.6,123034,6761.83
1271,19981.4,122685,6623.02
1272,19760.7,122322,6483.44
1273,19541.4,121945,6343.04
1274,19323.7,121557,6201.73
1275,19107.4,121155,6059.44
1276,18892.5,120741,5916.11
1277,18679,120316,5771.65
1278,18466.8,119879,5625.99
1279,18255.9,119431,5479.06
1280,18046.1,118972,5330.78
1281,17837.3,118503,5181.08
1282,17629.5,118023,5029.88
1283,17422.5,117534,4877.12
1284,17216.2,117035,4722.74
1285,17010.4,116528,4566.66
1286,16805.1,116012,4408.83
1287,16600,115487,4249.18
1288,16395,114955,4087.67
1289,16190,114415,3924.24
1290,15984.8,113869,3758.85
1291,15779.3,113315,3591.45
1292,15573.2,112755,3422.02
1293,15366.5,112190,3250.51
1294,15159,111618,3076.9
1295,14950.5,111042,2901.18
1296,14741,110460,2723.34
1297,14530.3,109874,2543.34
1298,14318.3,109284,2361.21
1299,14104.9,108690,2176.94
1300,13889.9,108092,1990.54
1301,13673.4,107491,1802.02
1302,13455.2,106887,1611.42
1303,13235.3,106281,1418.75
1304,13013.6,105672,1224.06
1305,12790.1,105061,1027.38
1306,12564.9,104449,828.762
1307,12338,103834,628.26
1308,12109.2,103219,425.927
1309,11878.8,102602,221.833
1310,11646.8,101984,16.0608
1311,11413.3,101365,-191.335
1312,11178.3,100746,-400.25
1313,10941.9,100127,-610.612
1314,10704.5,99506.8,-822.323
1315,10466,98886.6,-1035.28
1316,10226.6,98266.4,-1249.39
1317,9986.59,97646.1,-1464.53
1318,9746.12,97025.8,-1680.6
1319,9505.4,96405.6,-1897.47
1320,9264.68,95785.6,-2115.04
1321,9024.22,95165.7,-2333.16
1322,8784.23,94546,-2551.72
1323,8545.02,93926.4,-2770.57
1324,8306.84,93306.9,-2989.59
1325,8070,92687.4,-3208.64
1326,7834.75,92068,-3427.58
1327,7601.41,91448.6,-3646.27
1328,7370.28,90829,-3864.55
1329,7141.64,90209.2,-4082.3
1330,6915.8,89589,-4299.36
1331,6693.06,88968.4,-4515.57
1332,6473.69,88347.2,-4730.81
1333,6258.01,87725.4,-4944.9
1334,6046.27,87102.6,-5157.7
1335,5838.76,86478.9,-5369.07
1336,5635.76,85853.9,-5578.86
1337,5437.48,85227.7,-5786.93
1338,5244.18,84599.9,-5993.13
1339,5056.1,83970.4,-6197.32
1340,4873.43,83339,-6399.35
1341,4696.38,82705.6,-6599.08
1342,4525.11,82069.9,-6796.38
1343,4359.8,81431.8,-6991.12
1344,4200.58,80791,-7183.17
1345,4047.55,80147.4,-7372.39
1346,3900.8,79500.8,-7558.67
1347,3760.42,78850.9,-7741.89
1348,3626.46,78197.6,-7921.92
1349,3498.97,77540.6,-8098.67
1350,3377.94,76879.8,-8272.03
1351,3263.35,76215.1,-8441.9
1352,3155.15,75546.1,-8608.19
1353,3053.3,74872.7,-8770.81
1354,2957.7,74194.8,-8929.67
1355,2868.25,73512.1,-9084.69
1356,2784.81,72824.5,-9235.8
1357,2707.25,72131.8,-9382.95
1358,2635.4,71433.8,-9526.06
1359,2569.06,70730.4,-9665.1
1360,2508.03,70021.5,-9800
1361,2452.11,69306.7,-9930.74
1362,2401.05,68586.1,-10057.3
1363,2354.59,67859.4,-10179.6
1364,2312.49,67126.5,-10297.6
1365,2274.46,66387.4,-10411.4
1366,2240.24,65641.7,-10520.9
1367,2209.5,64889.5,-10626.1
1368,2181.96,64130.5,-10727.1
1369,2157.33,63364.8,-10823.8
1370,2135.28,62592.1,-10916.2
1371,2115.54,61812.3,-11004.4
1372,2097.76,61025.3,-11088.5
1373,2081.67,60231.1,-11168.4
1374,2066.94,59429.5,-11244.1
1375,2053.3,58620.4,-11315.8
1376,2040.45,57803.7,-11383.4
1377,2028.1,56979.3,-11447.1
1378,2015.99,56147.2,-11506.8
1379,2003.85,55307.2,-11562.7
1380,1991.45,54459.3,-11614.7
1381,1978.55,53603.4,-11663.1
1382,1964.93,52739.4,-11707.8
1383,1950.38,51867.2,-11748.9
1384,1934.7,50986.8,-11786.5
1385,1917.72,50098.1,-11820.6
1386,1899.28,49201.1,-11851.4
1387,1879.27,48295.6,-11878.9
1388,1857.56,47381.6,-11903.3
1389,1834.06,46459,-11924.5
1390,1808.7,45527.9,-11942.7
1391,1781.41,44588.1,-11958
1392,1752.14,43639.7,-11970.4
1393,1720.89,42682.5,-11980
1394,1687.64,41716.6,-11986.9
1395,1652.42,40742,-11991.2
1396,1615.23,39758.5,-11993
1397,1576.15,38766.3,-11992.3
1398,1535.26,37765.3,-11989.2
1399,1492.61,36755.4,-11983.8
1400,1448.32,35736.8,-11976.1
1401,1402.48,34709.4,-11966.2
1402,1355.23,33673.3,-11954.3
1403,1306.68,32628.4,-11940.2
1404,1256.96,31574.9,-11924.1
1405,1206.23,30512.8,-11906.1
1406,1154.65,29442.1,-11886.1
1407,1102.4,28362.9,-11864.3
1408,1049.59,27275.4,-11840.6
1409,996.431,26179.6,-11815.1
1410,943.062,25075.6,-11787.8
1411,889.654,23963.5,-11758.8
1412,836.364,22843.5,-11728
1413,783.363,21715.6,-11695.4
1414,730.821,20580.1,-11661.2
1415,678.87,19437.2,-11625.2
1416,627.657,18286.9,-11587.5
1417,577.319,17129.5,-11548.1
1418,527.975,15965.2,-11506.9
1419,479.748,14794.2,-11463.9
1420,432.749,13616.7,-11419.2
1421,387.052,12433,-11372.6
1422,342.758,11243.2,-11324.2
1423,299.922,10047.7,-11273.9
1424,258.591,8846.79,-11221.7
1425,218.809,7640.65,-11167.4
1426,180.6,6429.62,-11111.2
1427,143.994,5214,-11052.9
1428,108.972,3994.09,-10992.5
1429,75.5105,2770.21,-10929.9
1430,43.5949,1542.69,-10865.1
1431,13.1719,311.884,-10797.9
1432,-15.8261,-921.879,-10728.4
1433,-43.4567,-2158.24,-10656.5
1434,-69.8119,-3396.85,-10582
1435,-94.9892,-4637.33,-10505
1436,-119.092,-5879.31,-10425.4
1437,-142.218,-7122.42,-10343
1438,-164.526,-8366.29,-10257.9
1439,-186.111,-9610.53,-10170
1440,-207.142,-10854.7,-10079.1
1441,-227.757,-12098.6,-9985.34
1442,-248.116,-13341.6,-9888.51
1443,-268.367,-14583.5,-9788.61
1444,-288.661,-15823.8,-9685.58
1445,-309.175,-17062.1,-9579.36
1446,-330.054,-18298.2,-9469.91
1447,-351.459,-19531.5,-9357.17
1448,-373.563,-20761.7,-9241.11
1449,-396.502,-21988.5,-9121.7
1450,-420.415,-23211.4,-8998.89
1451,-445.467,-24430.1,-8872.67
1452,-471.795,-25644.3,-8743.02
1453,-499.527,-26853.6,-8609.92
1454,-528.8,-28057.6,-8473.37
1455,-559.728,-29256,-8333.36
1456,-592.403,-30448.5,-8189.9
1457,-626.915,-31634.7,-8042.99
1458,-663.383,-32814.4,-7892.67
1459,-701.848,-33987.2,-7738.94
1460,-742.388,-35152.8,-7581.85
1461,-785.044,-36311,-7421.42
1462,-829.875,-37461.6,-7257.71
1463,-876.917,-38604.1,-7090.77
1464,-926.177,-39738.4,-6920.66
1465,-977.653,-40864.2,-6747.43
1466,-1031.35,-41981.4,-6571.18
1467,-1087.21,-43089.6,-6391.96
1468,-1145.26,-44188.8,-6209.88
1469,-1205.42,-45278.6,-6025
1470,-1267.67,-46359,-5837.44
1471,-1331.94,-47429.7,-5647.3
1472,-1398.17,-48490.6,-5454.67
1473,-1466.26,-49541.6,-5259.69
1474,-1536.17,-50582.4,-5062.46
1475,-1607.77,-51613.1,-4863.11
1476,-1680.99,-52633.5,-4661.75
1477,-1755.7,-53643.4,-4458.53
1478,-1831.84,-54642.9,-4253.58
1479,-1909.29,-55631.8,-4047.02
1480,-1987.94,-56610.1,-3839
1481,-2067.69,-57577.6,-3629.66
1482,-2148.43,-58534.5,-3419.14
1483,-2230.04,-59480.6,-3207.58
1484,-2312.45,-60415.9,-2995.13
1485,-2395.56,-61340.4,-2781.95
1486,-2479.24,-62254,-2568.15
1487,-2563.43,-63156.9,-2353.9
1488,-2648.04,-64049,-2139.34
1489,-2733,-64930.3,-1924.62
1490,-2818.24,-65800.8,-1709.87
1491,-2903.69,-66660.7,-1495.23
1492,-2989.32,-67509.8,-1280.84
1493,-3075.09,-68348.3,-1066.84
1494,-3160.96,-69176.3,-853.361
1495,-3246.91,-69993.8,-640.526
1496,-3332.93,-70800.8,-428.47
1497,-3419.03,-71597.5,-217.304
1498,-3505.21,-72383.8,-7.14813
1499,-3591.51,-73160,201.879
1500,-3677.99,-73926.1,409.667
1501,-3764.66,-74682.1,616.112
1502,-3851.58,-75428.2,821.12
1503,-3938.86,-76164.5,1024.59
1504,-4026.55,-76891.1,1226.43
1505,-4114.76,-77608,1426.57
1506,-4203.59,-78315.5,1624.91
1507,-4293.14,-79013.6,1821.39
1508,-4383.51,-79702.4,2015.94
1509,-4474.89,-80382.1,2208.5
1510,-4567.37,-81052.7,2399
1511,-4661.11,-81714.5,2587.41
1512,-4756.25,-82367.6,2773.65
1513,-4852.96,-83012,2957.71
1514,-4951.38,-83647.9,3139.53
1515,-5051.67,-84275.5,3319.1
1516,-5154.01,-84894.8,3496.39
1517,-5258.55,-85506.1,3671.37
1518,-5365.48,-86109.5,3844.03
1519,-5474.94,-86705.1,4014.36
1520,-5587.11,-87293,4182.36
1521,-5702.14,-87873.5,4348.02
1522,-5820.19,-88446.6,4511.35
1523,-5941.4,-89012.6,4672.36
1524,-6065.94,-89571.5,4831.05
1525,-6193.95,-90123.6,4987.44
1526,-6325.53,-90668.9,5141.56
1527,-6460.84,-91207.7,5293.43
1528,-6600,-91740,5443.07
1529,-6743.09,-92266.1,5590.51
1530,-6890.22,-92786.1,5735.78
1531,-7041.48,-93300.2,5878.91
1532,-7196.94,-93808.5,6019.95
1533,-7356.67,-94311.1,6158.93
1534,-7520.72,-94808.3,6295.89
1535,-7689.13,-95300.2,6430.87
1536,-7861.94,-95786.8,6563.91
1537,-8039.14,-96268.5,6695.07
1538,-8220.74,-96745.3,6824.37
1539,-8406.71,-97217.5,6951.87
1540,-8597.05,-97685,7077.61
1541,-8791.7,-98148.1,7201.64
1542,-8990.62,-98606.9,7323.99
1543,-9193.73,-99061.6,7444.71
1544,-9400.96,-99512.3,7563.85
1545,-9612.22,-99959.1,7681.45
1546,-9827.4,-100402,7797.54
1547,-10046.4,-100842,7912.15
1548,-10269.1,-101277,8025.35
1549,-10495.3,-101710,8137.14
1550,-10724.9,-102139,8247.57
1551,-10957.8,-102565,8356.66
1552,-11193.8,-102988,8464.45
1553,-11432.7,-103408,8570.94
1554,-11674.3,-103825,8676.17
1555,-11918.5,-104239,8780.16
1556,-12165.1,-104650,8882.9
1557,-12413.8,-105059,8984.42
1558,-12664.5,-105465,9084.72
1559,-12917,-105868,9183.8
1560,-13171,-106269,9281.68
1561,-13426.4,-106667,9378.33
1562,-13683,-107062,9473.75
1563,-13940.5,-107455,9567.94
1564,-14198.8,-107846,9660.86
1565,-14457.6,-108234,9752.51
1566,-14716.8,-108619,9842.86
1567,-14976.2,-109002,9931.88
1568,-15235.5,-109382,10019.5
1569,-15494.6,-109759,10105.8
1570,-15753.3,-110134,10190.6
1571,-16011.5,-110505,10273.9
1572,-16268.9,-110874,10355.8
1573,-16525.4,-111240,10436
1574,-16780.9,-111603,10514.6
1575,-17035.1,-111963,10591.5
1576,-17288,-112319,10666.7
1577,-17539.5,-112672,10740
1578,-17789.4,-113021,10811.5
1579,-18037.6,-113366,10881.1
1580,-18284,-113708,10948.6
1581,-18528.5,-114046,11014
1582,-18771,-114379,11077.3
1583,-19011.5,-114708,11138.4
1584,-19249.9,-115032,11197.1
1585,-19486.2,-115352,11253.5
1586,-19720.2,-115666,11307.3
1587,-19952,-115976,11358.7
1588,-20181.5,-116280,11407.4
1589,-20408.7,-116578,11453.4
1590,-20633.6,-116871,11496.6
1591,-20856.1,-117157,11537
1592,-21076.4,-117437,11574.4
1593,-21294.2,-117710,11608.7
1594,-21509.8,-117977,11640
1595,-21723.1,-118236,11668.1
1596,-21934.1,-118488,11692.9
1597,-22142.9,-118733,11714.4
1598,-22349.4,-118969,11732.5
1599,-22553.7,-119198,11747.1
1600,-22755.8,-119418,11758.2
1601,-22955.8,-119629,11765.7
1602,-23153.7,-119832,11769.5
1603,-23349.6,-120025,11769.6
1604,-23543.4,-120208,11765.8
1605,-23735.2,-120382,11758.3
1606,-23925.1,-120546,11746.9
1607,-24113.1,-120700,11731.5
1608,-24299.1,-120843,11712.2
1609,-24483.3,-120975,11688.8
1610,-24665.6,-121096,11661.4
1611,-24846.2,-121206,11629.9
1612,-25024.9,-121304,11594.4
1613,-25201.9,-121390,11554.7
1614,-25377.1,-121464,11510.8
1615,-25550.6,-121526,11462.8
1616,-25722.3,-121576,11410.7
1617,-25892.3,-121613,11354.3
1618,-26060.5,-121636,11293.9
1619,-26226.9,-121647,11229.2
1620,-26391.6,-121644,11160.4
1621,-26554.4,-121628,11087.5
1622,-26715.4,-121598,11010.4
1623,-26874.5,-121554,10929.3
1624,-27031.7,-121496,10844.1
1625,-27187,-121424,10754.9
1626,-27340.2,-121338,10661.8
1627,-27491.4,-121237,10564.6
1628,-27640.6,-121121,10463.6
1629,-27787.5,-120990,10358.8
1630,-27932.2,-120845,10250.2
1631,-28074.6,-120685,10137.8
1632,-28214.7,-120510,10021.8
1633,-28352.2,-120319,9902.25
1634,-28487.3,-120114,9779.17
1635,-28619.8,-119893,9652.67
1636,-28749.6,-119657,9522.81
1637,-28876.6,-119406,9389.69
1638,-29000.7,-119140,9253.38
1639,-29122,-118858,9113.98
1640,-29240.1,-118561,8971.59
1641,-29355.2,-118248,8826.3
1642,-29467,-117921,8678.2
1643,-29575.5,-117578,8527.4
1644,-29680.6,-117220,8373.99
1645,-29782.2,-116847,8218.08
1646,-29880.3,-116459,8059.78
1647,-29974.7,-116056,7899.18
1648,-30065.3,-115638,7736.38
1649,-30152.1,-115205,7571.5
1650,-30235,-114758,7404.66
1651,-30313.9,-114296,7235.94
1652,-30388.8,-113820,7065.46
1653,-30459.4,-113329,6893.33
1654,-30525.9,-112825,6719.65
1655,-30588.1,-112306,6544.53
1656,-30645.9,-111774,6368.06
1657,-30699.4,-111228,6190.36
1658,-30748.3,-110669,6011.53
1659,-30792.7,-110096,5831.67
1660,-30832.5,-109511,5650.86
1661,-30867.7,-108913,5469.22
1662,-30898.2,-108302,5286.83
1663,-30924.1,-107678,5103.79
1664,-30945.1,-107043,4920.18
1665,-30961.4,-106396,4736.09
1666,-30972.8,-105736,4551.6
1667,-30979.4,-105066,4366.8
1668,-30981.1,-104384,4181.77
1669,-30977.9,-103692,3996.57
1670,-30969.9,-102988,3811.28
1671,-30956.9,-102275,3625.96
1672,-30939,-101551,3440.69
1673,-30916.1,-100817,3255.53
1674,-30888.3,-100073,3070.51
1675,-30855.6,-99320.6,2885.72
1676,-30818,-98558.8,2701.18
1677,-30775.4,-97788.2,2516.96
1678,-30728,-97009,2333.09
1679,-30675.6,-96221.7,2149.62
1680,-30618.4,-95426.4,1966.59
1681,-30556.2,-94623.5,1784.02
1682,-30489.3,-93813.2,1601.96
1683,-30417.5,-92995.8,1420.42
1684,-30340.9,-92171.7,1239.44
1685,-30259.5,-91341.1,1059.03
1686,-30173.3,-90504.2,879.218
1687,-30082.5,-89661.4,700.023
1688,-29986.9,-88813,521.455
1689,-29886.7,-87959.3,343.518
1690,-29781.8,-87100.5,166.221
1691,-29672.3,-86236.9,-10.4223
1692,-29558.2,-85368.8,-186.405
1693,-29439.6,-84496.5,-361.72
1694,-29316.5,-83620.3,-536.381
1695,-29188.8,-82740.4,-710.383
1696,-29056.7,-81857.2,-883.721
1697,-28920.2,-80970.8,-1056.41
1698,-28779.3,-80081.5,-1228.44
1699,-28634.1,-79189.7,-1399.82
1700,-28484.5,-78295.5,-1570.55
1701,-28330.6,-77399.3,-1740.63
1702,-28172.4,-76501.2,-1910.08
1703,-28009.9,-75601.5,-2078.9
1704,-27843.2,-74700.6,-2247.09
1705,-27672.3,-73798.5,-2414.66
1706,-27497.2,-72895.5,-2581.61
1707,-27317.9,-71992,-2747.94
1708,-27134.5,-71088,-2913.66
1709,-26946.9,-70183.8,-3078.77
1710,-26755.1,-69279.6,-3243.26
1711,-26559.3,-68375.6,-3407.15
1712,-26359.3,-67472.1,-3570.42
1713,-26155.2,-66569.1,-3733.06
1714,-25947,-65666.9,-3895.08
1715,-25734.7,-64765.7,-4056.45
1716,-25518.2,-63865.7,-4217.19
1717,-25297.7,-62966.9,-4377.26
1718,-25073,-62069.6,-4536.66
1719,-24844.2,-61173.9,-4695.36
1720,-24611.2,-60279.9,-4853.36
1721,-24374.1,-59387.9,-5010.62
1722,-24132.8,-58497.8,-5167.13
1723,-23887.3,-57609.8,-5322.86
1724,-23637.7,-56724.1,-5477.78
1725,-23383.8,-55840.8,-5631.85
1726,-23125.7,-54959.8,-5785.04
1727,-22863.4,-54081.4,-5937.31
1728,-22596.7,-53205.6,-6088.63
1729,-22325.8,-52332.4,-6238.95
1730,-22050.6,-51461.9,-6388.23
1731,-21771.1,-50594.2,-6536.42
1732,-21487.2,-49729.4,-6683.46
1733,-21199,-48867.3,-6829.33
1734,-20906.3,-48008.2,-6973.95
1735,-20609.3,-47151.9,-7117.27
1736,-20307.9,-46298.5,-7259.23
1737,-20002.1,-45448,-7399.79
1738,-19691.8,-44600.4,-7538.86
1739,-19377.2,-43755.6,-7676.4
1740,-19058.1,-42913.7,-7812.34
1741,-18734.6,-42074.5,-7946.62
1742,-18406.6,-41238.1,-8079.16
1743,-18074.3,-40404.4,-8209.9
1744,-17737.6,-39573.4,-8338.77
1745,-17396.5,-38744.9,-8465.71
1746,-17051,-37918.9,-8590.64
1747,-16701.2,-37095.3,-8713.51
1748,-16347.2,-36274,-8834.24
1749,-15988.9,-35454.9,-8952.76
1750,-15626.4,-34638,-9069.01
1751,-15259.8,-33823,-9182.91
1752,-14889.1,-33009.9,-9294.41
1753,-14514.4,-32198.5,-9403.44
1754,-14135.8,-31388.7,-9509.93
1755,-13753.2,-30580.4,-9613.81
1756,-13366.9,-29773.4,-9715.03
1757,-12976.9,-28967.6,-9813.53
1758,-12583.2,-28162.8,-9909.25
1759,-12186.1,-27358.8,-10002.1
1760,-11785.5,-26555.5,-10092.2
1761,-11381.7,-25752.8,-10179.2
1762,-10974.7,-24950.3,-10263.3
1763,-10564.7,-24148.1,-10344.4
1764,-10151.7,-23345.8,-10422.4
1765,-9735.95,-22543.3,-10497.2
1766,-9317.57,-21740.4,-10569
1767,-8896.69,-20936.9,-10637.5
1768,-8473.46,-20132.7,-10702.9
1769,-8048.01,-19327.5,-10765
1770,-7620.53,-18521.2,-10823.9
1771,-7191.15,-17713.6,-10879.5
1772,-6760.05,-16904.4,-10931.9
1773,-6327.36,-16093.5,-10980.9
1774,-5893.28,-15280.6,-11026.6
1775,-5457.97,-14465.7,-11069.1
1776,-5021.59,-13648.5,-11108.2
1777,-4584.31,-12828.7,-11144
1778,-4146.3,-12006.4,-11176.6
1779,-3707.73,-11181.2,-11205.9
1780,-3268.77,-10353,-11231.9
1781,-2829.58,-9521.58,-11254.7
1782,-2390.34,-8686.82,-11274.3
1783,-1951.18,-7848.54,-11290.6
1784,-1512.3,-7006.58,-11303.9
1785,-1073.84,-6160.78,-11314
1786,-635.965,-5311,-11321
1787,-198.826,-4457.09,-11325
1788,237.429,-3598.93,-11326
1789,672.649,-2736.38,-11324
1790,1106.68,-1869.31,-11319.2
1791,1539.39,-997.618,-11311.5
1792,1970.64,-121.19,-11301
1793,2400.3,760.065,-11287.7
1794,2828.24,1646.24,-11271.8
1795,3254.34,2537.42,-11253.3
1796,3678.5,3433.67,-11232.2
1797,4100.59,4335.07,-11208.6
1798,4520.53,5241.66,-11182.5
1799,4938.18,6153.49,-11154.1
1800,5353.47,7070.59,-11123.4
1801,5766.29,7993,-11090.5
1802,6176.56,8920.72,-11055.4
1803,6584.2,9853.77,-11018.2
1804,6989.16,10792.1,-10979
1805,7391.34,11735.8,-10937.8
1806,7790.68,12684.8,-10894.6
1807,8187.13,13639,-10849.7
1808,8580.65,14598.4,-10803
1809,8971.18,15562.9,-10754.5
1810,9358.68,16532.6,-10704.4
1811,9743.09,17507.2,-10652.7
1812,10124.4,18486.7,-10599.5
1813,10502.5,19471.1,-10544.8
1814,10877.5,20460.2,-10488.6
1815,11249.3,21453.9,-10431.1
1816,11617.8,22452.1,-10372.2
1817,11983.1,23454.6,-10312
1818,12345.3,24461.3,-10250.6
1819,12704.1,25472.1,-10188
1820,13059.7,26486.8,-10124.1
1821,13412,27505.1,-10059.1
1822,13761,28527.1,-9993.04
1823,14106.8,29552.3,-9925.83
1824,14449.3,30580.7,-9857.55
1825,14788.6,31612.1,-9788.2
1826,15124.6,32646.2,-9717.8
1827,15457.3,33682.9,-9646.36
1828,15786.8,34721.8,-9573.9
1829,16113.1,35762.8,-9500.39
1830,16436.2,36805.7,-9425.85
1831,16756,37850.1,-9350.27
1832,17072.7,38896,-9273.64
1833,17386.1,39942.9,-9195.94
1834,17696.4,40990.6,-9117.16
1835,18003.4,42039,-9037.29
1836,18307.3,43087.6,-8956.3
1837,18608.1,44136.3,-8874.16
1838,18905.6,45184.8,-8790.84
1839,19200,46232.8,-8706.31
1840,19491.3,47280.1,-8620.53
1841,19779.3,48326.3,-8533.47
1842,20064.3,49371.2,-8445.09
1843,20346,50414.4,-8355.34
1844,20624.6,51455.8,-8264.18
1845,20900,52495,-8171.56
1846,21172.3,53531.8,-8077.45
1847,21441.3,54565.8,-7981.78
1848,21707.2,55596.9,-7884.51
1849,21969.8,56624.6,-7785.59
1850,22229.2,57648.7,-7684.96
1851,22485.4,58669,-7582.58
1852,22738.3,59685.2,-7478.39
1853,22987.9,60697,-7372.35
1854,23234.1,61704,-7264.39
1855,23477,62706.2,-7154.48
1856,23716.6,63703.1,-7042.58
1857,23952.7,64694.5,-6928.61
1858,24185.4,65680.1,-6812.55
1859,24414.6,66659.8,-6694.35
1860,24640.2,67633.2,-6573.96
1861,24862.4,68600.1,-6451.34
1862,25080.9,69560.2,-6326.46
1863,25295.8,70513.4,-6199.29
1864,25507.1,71459.3,-6069.78
1865,25714.6,72397.7,-5937.91
1866,25918.4,73328.5,-5803.65
1867,26118.4,74251.3,-5666.99
1868,26314.5,75165.9,-5527.9
1869,26506.7,76072.3,-5386.37
1870,26695,76970,-5242.39
1871,26879.3,77859.1,-5095.96
1872,27059.7,78739.1,-4947.06
1873,27235.9,79610,-4795.71
1874,27408,80471.6,-4641.92
1875,27576,81323.7,-4485.68
1876,27739.8,82166,-4327.02
1877,27899.4,82998.6,-4165.95
1878,28054.8,83821.1,-4002.51
1879,28205.8,84633.5,-3836.71
1880,28352.5,85435.6,-3668.6
1881,28494.8,86227.2,-3498.21
1882,28632.8,87008.2,-3325.59
1883,28766.3,87778.5,-3150.79
1884,28895.3,88538,-2973.86
1885,29019.9,89286.5,-2794.86
1886,29140,90024,-2613.85
1887,29255.6,90750.4,-2430.9
1888,29366.6,91465.4,-2246.07
1889,29473.2,92169.2,-2059.44
1890,29575.1,92861.5,-1871.09
1891,29672.5,93542.3,-1681.1
1892,29765.4,94211.6,-1489.54
1893,29853.6,94869.3,-1296.53
1894,29937.3,95515.2,-1102.13
1895,30016.5,96149.5,-906.439
1896,30091.1,96772,-709.567
1897,30161.1,97382.8,-511.609
1898,30226.5,97981.7,-312.654
1899,30287.4,98568.8,-112.808
1900,30343.8,99144,87.8121
1901,30395.6,99707.4,289.116
1902,30443,100259,490.988
1903,30485.9,100799,693.328
1904,30524.3,101327,896.032
1905,30558.2,101843,1098.97
1906,30587.8,102347,1302.06
1907,30612.9,102840,1505.18
1908,30633.6,103321,1708.23
1909,30650,103790,1911.1
1910,30662,104248,2113.68
1911,30669.7,104694,2315.87
1912,30673.1,105129,2517.57
1913,30672.2,105553,2718.67
1914,30667,105965,2919.09
1915,30657.6,106366,3118.71
1916,30644,106756,3317.44
1917,30626.1,107135,3515.2
1918,30604.1,107504,3711.89
1919,30577.9,107861,3907.42
1920,30547.6,108208,4101.72
1921,30513.1,108544,4294.7
1922,30474.5,108870,4486.29
1923,30431.8,109186,4676.41
1924,30384.9,109491,4864.99
1925,30334,109787,5051.96
1926,30278.9,110072,5237.27
1927,30219.8,110348,5420.85
1928,30156.6,110615,5602.63
1929,30089.3,110872,5782.58
1930,30017.9,111120,5960.64
1931,29942.5,111358,6136.78
1932,29863,111588,6310.94
1933,29779.4,111809,6483.08
1934,29691.7,112022,6653.18
1935,29600,112226,6821.22
1936,29504.2,112422,6987.15
1937,29404.3,112610,7150.95
1938,29300.4,112790,7312.61
1939,29192.4,112962,7472.1
1940,29080.3,113127,7629.42
1941,28964.2,113284,7784.54
1942,28844,113435,7937.46
1943,28719.8,113578,8088.17
1944,28591.5,113714,8236.68
1945,28459.3,113843,8382.96
1946,28323,113966,8527.02
1947,28182.7,114083,8668.87
1948,28038.4,114193,8808.5
1949,27890.2,114297,8945.92
1950,27738.1,114395,9081.14
1951,27582.1,114487,9214.15
1952,27422.2,114574,9344.96
1953,27258.6,114655,9473.59
1954,27091.1,114730,9600.03
1955,26919.9,114800,9724.3
1956,26745.1,114865,9846.4
1957,26566.6,114925,9966.33
1958,26384.6,114980,10084.1
1959,26199,115030,10199.7
1960,26010.1,115075,10313.2
1961,25817.9,115115,10424.5
1962,25622.4,115151,10533.7
1963,25423.7,115182,10640.7
1964,25221.9,115208,10745.6
1965,25017.2,115230,10848.3
1966,24809.6,115247,10948.9
1967,24599.3,115260,11047.3
1968,24386.3,115269,11143.5
1969,24170.7,115273,11237.6
1970,23952.8,115273,11329.4
1971,23732.5,115268,11419
1972,23510.1,115259,11506.4
1973,23285.7,115245,11591.6
1974,23059.3,115227,11674.4
1975,22831.2,115205,11755
1976,22601.5,115178,11833.3
1977,22370.3,115147,11909.1
1978,22137.7,115111,11982.6
1979,21904,115070,12053.7
1980,21669.2,115024,12122.4
1981,21433.4,114974,12188.5
1982,21197,114919,12252.1
1983,20959.9,114859,12313.1
1984,20722.3,114793,12371.5
1985,20484.4,114723,12427.2
1986,20246.3,114647,12480.2
1987,20008.2,114566,12530.5
1988,19770.2,114480,12578
1989,19532.3,114387,12622.6
1990,19294.9,114289,12664.3
1991,19057.8,114186,12703
1992,18821.4,114076,12738.7
1993,18585.7,113960,12771.4
1994,18350.8,113837,12800.9
1995,18116.9,113709,12827.3
1996,17883.9,113573,12850.5
1997,17652.1,113431,12870.4
1998,17421.5,113283,12886.9
1999,17192.2,113127,12900.1
2000,16964.2,112964,12909.9
2001,16737.7,112793,12916.2
2002,16512.7,112616,12919
2003,16289.2,112430,12918.3
2004,16067.3,112237,12914
2005,15847.1,112036,12906
2006,15628.5,111827,12894.3
2007,15411.6,111609,12879
2008,15196.5,111384,12859.9
2009,14983,111150,12837
2010,14771.3,110907,12810.3
2011,14561.3,110655,12779.8
2012,14353.1,110395,12745.5
2013,14146.6,110125,12707.3
2014,13941.7,109846,12665.2
2015,13738.5,109558,12619.2
2016,13537,109261,12569.4
2017,13337.1,108954,12515.6
2018,13138.8,108637,12457.9
2019,12942,108310,12396.3
2020,12746.7,107974,12330.8
2021,12552.8,107627,12261.5
2022,12360.3,107270,12188.2
2023,12169.2,106903,12111.2
2024,11979.4,106526,12030.3
2025,11790.8,106138,11945.5
2026,11603.5,105740,11857
2027,11417.2,105331,11764.8
2028,11232,104912,11668.8
2029,11047.9,104481,11569.2
2030,10864.8,104040,11465.9
2031,10682.6,103588,11359.1
2032,10501.2,103125,11248.7
2033,10320.7,102651,11134.9
2034,10141.1,102165,11017.6
2035,9962.18,101669,10897
2036,9784.03,101161,10773.1
2037,9606.61,100642,10645.9
2038,9429.9,100112,10515.6
2039,9253.86,99570.7,10382.1
2040,9078.51,99017.9,10245.6
2041,8903.82,98453.8,10106.2
2042,8729.81,97878.2,9963.84
2043,8556.46,97291.3,9818.69
2044,8383.81,96693,9670.81
2045,8211.86,96083.3,9520.28
2046,8040.63,95462.2,9367.18
2047,7870.17,94829.7,9211.58
2048,7700.51,94185.9,9053.58
2049,7531.69,93530.7,8893.25
2050,7363.75,92864.2,8730.68
2051,7196.71,92186.4,8565.95
2052,7030.67,91497.4,8399.14
2053,6865.67,90797.2,8230.35
2054,6701.78,90085.8,8059.65
2055,6539.07,89363.4,7887.12
2056,6377.61,88629.9,7712.85
2057,6217.47,87885.4,7536.93
2058,6058.73,87130.1,7359.43
2059,5901.47,86363.9,7180.42
2060,5745.8,85587,7000.01
2061,5591.75,84799.6,6818.26
2062,5439.41,84001.6,6635.24
2063,5288.89,83193.1,6451.03
2064,5140.25,82374.4,6265.72
2065,4993.58,81545.5,6079.38
2066,4848.96,80706.6,5892.07
2067,4706.48,79857.8,5703.86
2068,4566.2,78999.1,5514.83
2069,4428.17,78130.9,5325.04
2070,4292.5,77253.2,5134.55
2071,4159.23,76366.2,4943.42
2072,4028.43,75470,4751.72
2073,3900.16,74564.8,4559.51
2074,3774.45,73650.9,4366.83
2075,3651.36,72728.4,4173.76
2076,3530.94,71797.4,3980.33
2077,3413.21,70858.2,3786.6
2078,3298.2,69911,3592.61
2079,3185.94,68956,3398.43
2080,3076.43,67993.5,3204.08
2081,2969.69,67023.5,3009.61
2082,2865.72,66046.4,2815.07
2083,2764.52,65062.3,2620.49
2084,2666.07,64071.6,2425.91
2085,2570.35,63074.4,2231.36
2086,2477.32,62071,2036.89
2087,2386.97,61061.6,1842.51
2088,2299.25,60046.4,1648.26
2089,2214.11,59025.8,1454.18
2090,2131.54,58000,1260.28
2091,2051.45,56969.1,1066.6
2092,1973.8,55933.5,873.153
2093,1898.52,54893.5,679.965
2094,1825.53,53849.2,487.063
2095,1754.79,52801,294.468
2096,1686.19,51749,102.197
2097,1619.66,50693.7,-89.7405
2098,1555.13,49635.1,-281.314
2099,1492.53,48573.6,-472.517
2100,1431.77,47509.4,-663.33
2101,1372.75,46442.7,-853.733
2102,1315.4,45373.9,-1043.72
2103,1259.65,44303.2,-1233.26
2104,1205.39,43230.8,-1422.35
2105,1152.55,42156.9,-1610.98
2106,1101.04,41081.8,-1799.13
2107,1050.8,40005.8,-1986.8
2108,1001.75,38929,-2173.96
2109,953.822,37851.7,-2360.6
2110,906.934,36774.1,-2546.71
2111,861.027,35696.4,-2732.29
2112,816.033,34618.9,-2917.29
2113,771.911,33541.7,-3101.73
2114,728.592,32465,-3285.58
2115,686.039,31389.1,-3468.82
2116,644.204,30314.2,-3651.44
2117,603.063,29240.3,-3833.42
2118,562.588,28167.7,-4014.74
2119,522.749,27096.6,-4195.38
2120,483.513,26027.1,-4375.34
2121,444.88,24959.3,-4554.56
2122,406.823,23893.5,-4733.05
2123,369.343,22829.7,-4910.78
2124,332.455,21768.2,-5087.7
2125,296.13,20708.9,-5263.82
2126,260.409,19652.1,-5439.09
2127,225.283,18597.9,-5613.48
2128,190.796,17546.3,-5786.96
2129,156.941,16497.5,-5959.51
2130,123.743,15451.5,-6131.08
2131,91.2311,14408.5,-6301.63
2132,59.4403,13368.4,-6471.15
2133,28.3957,12331.5,-6639.57
2134,-1.86008,11297.7,-6806.86
2135,-31.3076,10267.1,-6972.98
2136,-59.9108,9239.7,-7137.88
2137,-87.6363,8215.64,-7301.51
2138,-114.447,7194.9,-7463.84
2139,-140.329,6177.52,-7624.8
2140,-165.245,5163.53,-7784.35
2141,-189.164,4152.95,-7942.43
2142,-212.057,3145.78,-8099
2143,-233.914,2142.04,-8253.98
2144,-254.704,1141.74,-8407.34
2145,-274.422,144.871,-8558.99
2146,-293.051,-848.574,-8708.9
2147,-310.597,-1838.6,-8856.99
2148,-327.039,-2825.24,-9003.21
2149,-342.398,-3808.51,-9147.48
2150,-356.689,-4788.41,-9289.76
2151,-369.908,-5764.99,-9429.96
2152,-382.087,-6738.27,-9568.03
2153,-393.264,-7708.29,-9703.91
2154,-403.464,-8675.07,-9837.52
2155,-412.728,-9638.68,-9968.79
2156,-421.122,-10599.1,-10097.7
2157,-428.685,-11556.5,-10224.1
2158,-435.474,-12510.8,-10348
2159,-441.56,-13462.1,-10469.2
2160,-447.008,-14410.5,-10587.9
2161,-451.883,-15355.9,-10703.7
2162,-456.295,-16298.5,-10816.8
2163,-460.339,-17238.4,-10927.1
2164,-464.1,-18175.5,-11034.4
2165,-467.686,-19109.9,-11138.7
2166,-471.181,-20041.7,-11240
2167,-474.72,-20971,-11338.2
2168,-478.391,-21897.8,-11433.2
2169,-482.329,-22822.2,-11525
2170,-486.648,-23744.2,-11613.6
2171,-491.475,-24663.9,-11698.8
2172,-496.924,-25581.3,-11780.6
2173,-503.118,-26496.6,-11859.1
2174,-510.187,-27409.8,-11934.1
2175,-518.269,-28320.9,-12005.5
2176,-527.477,-29230.1,-12073.4
2177,-537.952,-30137.3,-12137.8
2178,-549.804,-31042.6,-12198.5
2179,-563.168,-31946.1,-12255.5
2180,-578.16,-32847.9,-12308.9
2181,-594.91,-33748,-12358.5
2182,-613.518,-34646.5,-12404.5
2183,-634.096,-35543.4,-12446.6
2184,-656.784,-36438.8,-12485
2185,-681.66,-37332.7,-12519.5
2186,-708.834,-38225.2,-12550.3
2187,-738.376,-39116.3,-12577.3
2188,-770.414,-40006.2,-12600.4
2189,-805.012,-40894.7,-12619.7
2190,-842.259,-41782,-12635.1
2191,-882.227,-42668.2,-12646.8
2192,-924.979,-43553.2,-12654.6
2193,-970.574,-44437.1,-12658.6
2194,-1019.07,-45319.9,-12658.8
2195,-1070.51,-46201.7,-12655.2
2196,-1124.95,-47082.4,-12647.9
2197,-1182.42,-47962.2,-12636.7
2198,-1242.94,-48841,-12621.9
2199,-1306.54,-49718.9,-12603.3
2200,-1373.23,-50595.8,-12581
2201,-1443,-51471.8,-12555.1
2202,-1515.87,-52346.9,-12525.5
2203,-1591.84,-53221.1,-12492.4
2204,-1670.89,-54094.4,-12455.7
2205,-1753.03,-54966.7,-12415.4
2206,-1838.2,-55838.1,-12371.7
2207,-1926.41,-56708.6,-12324.4
2208,-2017.63,-57578.1,-12273.8
2209,-2111.79,-58446.6,-12219.9
2210,-2208.87,-59314.1,-12162.6
2211,-2308.85,-60180.5,-12102
2212,-2411.67,-61045.8,-12038.1
2213,-2517.29,-61910,-11971.1
2214,-2625.64,-62773,-11901
2215,-2736.67,-63634.7,-11827.7
2216,-2850.34,-64495.2,-11751.4
2217,-2966.6,-65354.2,-11672.1
2218,-3085.38,-66211.8,-11589.8
2219,-3206.62,-67067.8,-11504.6
2220,-3330.27,-67922.2,-11416.6
2221,-3456.28,-68774.9,-11325.7
2222,-3584.56,-69625.8,-11232.1
2223,-3715.09,-70474.8,-11135.8
2224,-3847.8,-71321.7,-11036.8
2225,-3982.66,-72166.5,-10935.2
2226,-4119.58,-73009,-10831
2227,-4258.52,-73849.2,-10724.3
2228,-4399.45,-74686.8,-10615.1
2229,-4542.3,-75521.8,-10503.5
2230,-4687.03,-76353.9,-10389.5
2231,-4833.6,-77183.1,-10273.1
2232,-4981.96,-78009.2,-10154.4
2233,-5132.08,-78832.1,-10033.5
2234,-5283.94,-79651.5,-9910.27
2235,-5437.48,-80467.4,-9784.9
2236,-5592.67,-81279.4,-9657.36
2237,-5749.5,-82087.6,-9527.71
2238,-5907.94,-82891.6,-9395.98
2239,-6067.96,-83691.3,-9262.2
2240,-6229.56,-84486.6,-9126.41
2241,-6392.71,-85277.1,-8988.63
2242,-6557.38,-86062.8,-8848.91
2243,-6723.57,-86843.4,-8707.27
2244,-6891.25,-87618.7,-8563.74
2245,-7060.45,-88388.5,-8418.35
2246,-7231.13,-89152.7,-8271.13
2247,-7403.3,-89911,-8122.11
2248,-7576.94,-90663.2,-7971.31
2249,-7752.04,-91409.1,-7818.76
2250,-7928.6,-92148.4,-7664.49
2251,-8106.63,-92881.1,-7508.52
2252,-8286.1,-93606.8,-7350.88
2253,-8467.04,-94325.3,-7191.6
2254,-8649.41,-95036.6,-7030.7
2255,-8833.21,-95740.2,-6868.19
2256,-9018.45,-96436.1,-6704.11
2257,-9205.11,-97123.9,-6538.49
2258,-9393.2,-97803.6,-6371.33
2259,-9582.68,-98474.9,-6202.68
2260,-9773.57,-99137.5,-6032.56
2261,-9965.84,-99791.4,-5860.99
2262,-10159.5,-100436,-5688
2263,-10354.5,-101072,-5513.62
2264,-10550.8,-101698,-5337.87
2265,-10748.4,-102315,-5160.79
2266,-10947.3,-102922,-4982.39
2267,-11147.5,-103519,-4802.73
2268,-11348.9,-104105,-4621.81
2269,-11551.4,-104682,-4439.67
2270,-11755.2,-105248,-4256.35
2271,-11960.1,-105803,-4071.88
2272,-12166,-106348,-3886.3
2273,-12373,-106881,-3699.63
2274,-12581.1,-107404,-3511.93
2275,-12790,-107915,-3323.22
2276,-12999.9,-108414,-3133.56
2277,-13210.6,-108903,-2942.96
2278,-13422.2,-109379,-2751.49
2279,-13634.5,-109844,-2559.18
2280,-13847.5,-110297,-2366.08
2281,-14061.1,-110738,-2172.23
2282,-14275.2,-111166,-1977.68
2283,-14489.9,-111583,-1782.49
2284,-14705.1,-111987,-1586.71
2285,-14920.6,-112379,-1390.37
2286,-15136.5,-112758,-1193.55
2287,-15352.6,-113125,-996.293
2288,-15568.9,-113479,-798.652
2289,-15785.4,-113821,-600.687
2290,-16001.9,-114150,-402.444
2291,-16218.4,-114466,-203.994
2292,-16434.8,-114769,-5.40348
2293,-16651.1,-115059,193.274
2294,-16867.2,-115337,391.98
2295,-17083.1,-115601,590.644
2296,-17298.7,-115853,789.212
2297,-17513.8,-116092,987.612
2298,-17728.6,-116318,1185.79
2299,-17942.8,-116531,1383.68
2300,-18156.5,-116731,1581.2
2301,-18369.6,-116919,1778.3
2302,-18582,-117093,1974.9
2303,-18793.7,-117255,2170.93
2304,-19004.6,-117404,2366.35
2305,-19214.7,-117540,2561.06
2306,-19424,-117664,2755.02
2307,-19632.4,-117775,2948.14
2308,-19839.8,-117873,3140.36
2309,-20046.3,-117959,3331.61
2310,-20251.7,-118033,3521.84
2311,-20456.1,-118094,3710.96
2312,-20659.3,-118142,3898.91
2313,-20861.5,-118179,4085.63
2314,-21062.5,-118204,4271.06
2315,-21262.3,-118216,4455.11
2316,-21460.9,-118217,4637.75
2317,-21658.2,-118206,4818.9
2318,-21854.3,-118183,4998.5
2319,-22049.1,-118148,5176.48
2320,-22242.6,-118102,5352.79
2321,-22434.7,-118045,5527.38
2322,-22625.4,-117976,5700.17
2323,-22814.8,-117896,5871.11
2324,-23002.7,-117806,6040.16
2325,-23189.3,-117704,6207.24
2326,-23374.3,-117592,6372.32
2327,-23557.9,-117469,6535.34
2328,-23740,-117335,6696.25
2329,-23920.5,-117192,6855
2330,-24099.5,-117038,7011.54
2331,-24277,-116874,7165.84
2332,-24452.8,-116700,7317.84
2333,-24627,-116516,7467.51
2334,-24799.5,-116323,7614.79
2335,-24970.4,-116120,7759.66
2336,-25139.5,-115908,7902.08
2337,-25306.9,-115687,8042.02
2338,-25472.5,-115456,8179.43
2339,-25636.2,-115217,8314.28
2340,-25798.2,-114970,8446.56
2341,-25958.2,-114713,8576.22
2342,-26116.2,-114449,8703.25
2343,-26272.3,-114176,8827.6
2344,-26426.4,-113895,8949.28
2345,-26578.3,-113606,9068.24
2346,-26728.2,-113309,9184.47
2347,-26875.8,-113005,9297.95
2348,-27021.2,-112693,9408.66
2349,-27164.3,-112374,9516.59
2350,-27305,-112048,9621.72
2351,-27443.3,-111714,9724.03
2352,-27579.1,-111374,9823.51
2353,-27712.3,-111027,9920.16
2354,-27842.9,-110674,10014
2355,-27970.9,-110314,10104.9
2356,-28096,-109948,10193
2357,-28218.3,-109576,10278.2
2358,-28337.7,-109197,10360.6
2359,-28454.1,-108813,10440.1
2360,-28567.5,-108423,10516.7
2361,-28677.6,-108027,10590.5
2362,-28784.6,-107626,10661.3
2363,-28888.2,-107220,10729.3
2364,-28988.4,-106808,10794.4
2365,-29085.2,-106391,10856.6
2366,-29178.4,-105969,10916
2367,-29267.9,-105542,10972.5
2368,-29353.8,-105110,11026.1
2369,-29435.8,-104673,11076.8
2370,-29513.9,-104232,11124.7
2371,-29588,-103786,11169.8
2372,-29658.1,-103336,11211.9
2373,-29724,-102881,11251.3
2374,-29785.7,-102422,11287.8
2375,-29843,-101959,11321.4
2376,-29896.1,-101492,11352.3
2377,-29944.6,-101020,11380.3
2378,-29988.6,-100544,11405.4
2379,-30028,-100065,11427.8
2380,-30062.7,-99581.2,11447.4
2381,-30092.7,-99093.7,11464.1
2382,-30117.9,-98602.3,11478.1
2383,-30138.2,-98107,11489.3
2384,-30153.5,-97608,11497.6
2385,-30163.9,-97105.1,11503.2
2386,-30169.2,-96598.4,11506.1
2387,-30169.3,-96088,11506.1
2388,-30164.4,-95573.9,11503.4
2389,-30154.2,-95055.9,11498
2390,-30138.8,-94534.2,11489.8
2391,-30118.1,-94008.8,11478.8
2392,-30092.1,-93479.6,11465.1
2393,-30060.7,-92946.5,11448.6
2394,-30024,-92409.7,11429.5
2395,-29981.8,-91869,11407.6
2396,-29934.3,-91324.5,11382.9
2397,-29881.2,-90776.1,11355.6
2398,-29822.8,-90223.7,11325.5
2399,-29758.8,-89667.4,11292.7
2400,-29689.4,-89107,11257.3
2401,-29614.5,-88542.6,11219.1
2402,-29534.1,-87974.1,11178.2
2403,-29448.3,-87401.4,11134.6
2404,-29357,-86824.5,11088.4
2405,-29260.3,-86243.2,11039.4
2406,-29158.1,-85657.6,10987.8
2407,-29050.5,-85067.6,10933.5
2408,-28937.5,-84473.1,10876.6
2409,-28819.2,-83874.1,10817
2410,-28695.6,-83270.4,10754.7
2411,-28566.7,-82662,10689.8
2412,-28432.5,-82048.8,10622.3
2413,-28293.1,-81430.8,10552.1
2414,-28148.5,-80807.8,10479.3
2415,-27998.8,-80179.8,10403.9
2416,-27844,-79546.7,10325.9
2417,-27684.2,-78908.5,10245.3
2418,-27519.4,-78265,10162.2
2419,-27349.7,-77616.1,10076.5
2420,-27175.1,-76961.8,9988.22
2421,-26995.8,-76302.1,9897.42
2422,-26811.6,-75636.7,9804.1
2423,-26622.8,-74965.7,9708.27
2424,-26429.4,-74289,9609.96
2425,-26231.4,-73606.5,9509.18
2426,-26028.9,-72918.1,9405.95
2427,-25822,-72223.7,9300.29
2428,-25610.8,-71523.4,9192.22
2429,-25395.2,-70816.9,9081.76
2430,-25175.4,-70104.4,8968.92
2431,-24951.4,-69385.6,8853.75
2432,-24723.4,-68660.5,8736.26
2433,-24491.3,-67929.2,8616.48
2434,-24255.3,-67191.4,8494.43
2435,-24015.4,-66447.3,8370.14
2436,-23771.6,-65696.7,8243.65
2437,-23524.1,-64939.6,8114.97
2438,-23272.9,-64176,7984.15
2439,-23018.1,-63405.8,7851.22
2440,-22759.7,-62629,7716.21
2441,-22497.8,-61845.6,7579.16
2442,-22232.4,-61055.5,7440.09
2443,-21963.7,-60258.8,7299.07
2444,-21691.7,-59455.5,7156.11
2445,-21416.4,-58645.5,7011.26
2446,-21137.8,-57828.9,6864.57
2447,-20856.1,-57005.6,6716.06
2448,-20571.3,-56175.6,6565.78
2449,-20283.5,-55339.1,6413.78
2450,-19992.6,-54495.9,6260.11
2451,-19698.8,-53646.2,6104.8
2452,-19402.2,-52790,5947.9
2453,-19102.6,-51927.3,5789.47
2454,-18800.2,-51058.1,5629.55
2455,-18495.1,-50182.5,5468.19
2456,-18187.3,-49300.6,5305.43
2457,-17876.8,-48412.4,5141.33
2458,-17563.6,-47518,4975.95
2459,-17247.9,-46617.5,4809.32
2460,-16929.6,-45710.9,4641.51
2461,-16608.8,-44798.3,4472.56
2462,-16285.5,-43879.8,4302.54
2463,-15959.8,-42955.6,4131.48
2464,-15631.7,-42025.6,3959.46
2465,-15301.2,-41090,3786.52
2466,-14968.4,-40149,3612.72
2467,-14633.3,-39202.6,3438.1
2468,-14296,-38250.9,3262.74
2469,-13956.5,-37294.1,3086.69
2470,-13614.7,-36332.3,2909.98
2471,-13270.9,-35365.6,2732.69
2472,-12924.9,-34394.1,2554.87
2473,-12576.9,-33418.1,2376.58
2474,-12226.8,-32437.6,2197.86
2475,-11874.8,-31452.8,2018.77
2476,-11520.8,-30463.8,1839.37
2477,-11164.9,-29470.9,1659.73
2478,-10807.2,-28474,1479.87
2479,-10447.6,-27473.5,1299.87
2480,-10086.2,-26469.4,1119.78
2481,-9723.09,-25462,939.637
2482,-9358.28,-24451.4,759.515
2483,-8991.82,-23437.8,579.453
2484,-8623.78,-22421.2,399.504
2485,-8254.17,-21402,219.719
2486,-7883.06,-20380.3,40.151
2487,-7510.49,-19356.3,-139.151
2488,-7136.52,-18330.1,-318.147
2489,-6761.2,-17301.9,-496.784
2490,-6384.59,-16271.9,-675.007
2491,-6006.73,-15240.4,-852.778
2492,-5627.7,-14207.3,-1030.05
2493,-5247.55,-13173,-1206.78
2494,-4866.33,-12137.7,-1382.91
2495,-4484.12,-11101.4,-1558.41
2496,-4100.96,-10064.5,-1733.24
2497,-3716.92,-9026.99,-1907.35
2498,-3332.06,-7989.16,-2080.7
2499,-2946.44,-6951.16,-2253.26
2500,-2560.14,-5913.17,-2424.98
2501,-2173.23,-4875.37,-2595.83
2502,-1785.76,-3837.94,-2765.77
2503,-1397.82,-2801.05,-2934.76
2504,-1009.47,-1764.87,-3102.77
2505,-620.777,-729.581,-3269.76
2506,-231.817,304.649,-3435.7
2507,157.346,1337.65,-3600.55
2508,546.634,2369.26,-3764.28
2509,935.981,3399.31,-3926.87
2510,1325.31,4427.63,-4088.27
2511,1714.54,5454.07,-4248.46
2512,2103.6,6478.48,-4407.41
2513,2492.43,7500.7,-4565.11
2514,2880.95,8520.57,-4721.51
2515,3269.08,9537.95,-4876.58
2516,3656.74,10552.7,-5030.31
2517,4043.87,11564.7,-5182.67
2518,4430.4,12573.7,-5333.62
2519,4816.25,13579.7,-5483.16
2520,5201.35,14582.5,-5631.24
2521,5585.62,15581.9,-5777.86
2522,5968.99,16577.9,-5922.98
2523,6351.39,17570.4,-6066.6
2524,6732.75,18559.2,-6208.67
2525,7113.03,19544.1,-6349.19
2526,7492.11,20525.2,-6488.12
2527,7869.95,21502.2,-6625.45
2528,8246.47,22475.1,-6761.17
2529,8621.62,23443.8,-6895.25
2530,8995.32,24408.2,-7027.67
2531,9367.52,25368.1,-7158.41
2532,9738.13,26323.6,-7287.44
2533,10107.1,27274.5,-7414.75
2534,10474.4,28220.7,-7540.32
2535,10839.9,29162.1,-7664.13
2536,11203.5,30098.8,-7786.16
2537,11565.3,31030.6,-7906.4
2538,11925.2,31957.5,-8024.81
2539,12283,32879.4,-8141.39
2540,12638.8,33796.2,-8256.11
2541,12992.4,34707.9,-8368.96
2542,13343.9,35614.5,-8479.91
2543,13693.1,36516,-8588.95
2544,14040.1,37412.2,-8696.06
2545,14384.6,38303.1,-8801.22
2546,14726.8,39188.8,-8904.42
2547,15066.5,40069.2,-9005.63
2548,15403.7,40944.2,-9104.83
2549,15738.3,41813.9,-9202
2550,16070.3,42678.3,-9297.12
2551,16399.7,43537.3,-9390.17
2552,16726.3,44390.9,-9481.14
2553,17050.1,45239.2,-9570
2554,17371.1,46082.2,-9656.73
2555,17689.2,46919.7,-9741.31
2556,18004.3,47752,-9823.73
2557,18316.5,48578.9,-9903.96
2558,18625.6,49400.5,-9981.98
2559,18931.6,50216.9,-10057.8
2560,19234.5,51028,-10131.3
2561,19534.2,51833.9,-10202.6
2562,19830.6,52634.5,-10271.6
2563,20123.8,53430.1,-10338.3
2564,20413.5,54220.5,-10402.6
2565,20699.9,55005.8,-10464.6
2566,20982.7,55786.1,-10524.2
2567,21262.1,56561.4,-10581.4
2568,21537.8,57331.8,-10636.3
2569,21810,58097.3,-10688.7
2570,22078.4,58858,-10738.6
2571,22343.1,59613.9,-10786.1
2572,22604,60365,-10831.1
2573,22861.1,61111.6,-10873.6
2574,23114.2,61853.5,-10913.5
2575,23363.3,62590.9,-10950.9
2576,23608.5,63323.8,-10985.8
2577,23849.5,64052.3,-11018.1
2578,24086.4,64776.4,-11047.7
2579,24319.2,65496.3,-11074.8
2580,24547.7,66212,-11099.2
2581,24771.8,66923.5,-11121
2582,24991.7,67630.9,-11140.2
2583,25207.1,68334.3,-11156.6
2584,25418.1,69033.8,-11170.4
2585,25624.5,69729.4,-11181.5
2586,25826.4,70421.1,-11189.9
2587,26023.6,71109.1,-11195.5
2588,26216.2,71793.4,-11198.4
2589,26404.1,72474.1,-11198.6
2590,26587.2,73151.1,-11196
2591,26765.5,73824.7,-11190.6
2592,26939,74494.8,-11182.5
2593,27107.5,75161.4,-11171.6
2594,27271.1,75824.7,-11157.9
2595,27429.8,76484.7,-11141.4
2596,27583.5,77141.4,-11122.1
2597,27732.1,77794.9,-11100
2598,27875.6,78445.2,-11075.1
2599,28014,79092.3,-11047.4
2600,28147.3,79736.2,-11016.9
2601,28275.5,80377.1,-10983.6
2602,28398.4,81014.9,-10947.5
2603,28516.2,81649.6,-10908.6
2604,28628.8,82281.3,-10866.9
2605,28736.1,82909.9,-10822.5
2606,28838.2,83535.5,-10775.2
2607,28935.1,84158.1,-10725.1
2608,29026.7,84777.7,-10672.3
2609,29113.1,85394.2,-10616.7
2610,29194.3,86007.6,-10558.4
2611,29270.2,86618,-10497.3
2612,29340.9,87225.3,-10433.5
2613,29406.4,87829.5,-10367
2614,29466.7,88430.6,-10297.8
2615,29521.8,89028.4,-10225.9
2616,29571.8,89623.1,-10151.3
2617,29616.7,90214.4,-10074
2618,29656.4,90802.5,-9994.16
2619,29691.1,91387.1,-9911.66
2620,29720.8,91968.3,-9826.55
2621,29745.5,92546,-9738.87
2622,29765.2,93120.1,-9648.63
2623,29780.1,93690.5,-9555.85
2624,29790,94257.2,-9460.57
2625,29795.2,94820,-9362.79
2626,29795.6,95378.9,-9262.54
2627,29791.4,95933.8,-9159.86
2628,29782.5,96484.5,-9054.76
2629,29769,97031.1,-8947.27
2630,29751,97573.2,-8837.41
2631,29728.5,98111,-8725.23
2632,29701.6,98644.1,-8610.74
2633,29670.5,99172.6,-8493.96
2634,29635,99696.2,-8374.94
2635,29595.4,100215,-8253.7
2636,29551.6,100728,-8130.27
2637,29503.8,101237,-8004.68
2638,29452,101740,-7876.96
2639,29396.2,102237,-7747.14
2640,29336.7,102729,-7615.26
2641,29273.4,103215,-7481.34
2642,29206.3,103695,-7345.42
2643,29135.7,104169,-7207.53
2644,29061.4,104637,-7067.7
2645,28983.7,105099,-6925.97
2646,28902.6,105553,-6782.38
2647,28818.1,106002,-6636.95
2648,28730.3,106443,-6489.72
2649,28639.3,106877,-6340.72
2650,28545.1,107304,-6189.98
2651,28447.9,107724,-6037.55
2652,28347.6,108136,-5883.46
2653,28244.3,108541,-5727.73
2654,28138.1,108938,-5570.4
2655,28029.1,109327,-5411.52
2656,27917.3,109707,-5251.11
2657,27802.6,110080,-5089.21
2658,27685.3,110444,-4925.86
2659,27565.4,110799,-4761.09
2660,27442.8,111146,-4594.94
2661,27317.7,111484,-4427.44
2662,27190.1,111813,-4258.63
2663,27060,112132,-4088.55
2664,26927.4,112443,-3917.24
2665,26792.5,112744,-3744.71
2666,26655.2,113035,-3571.04
2667,26515.5,113317,-3396.23
2668,26373.6,113588,-3220.34
2669,26229.4,113850,-3043.41
2670,26083,114102,-2865.46
2671,25934.4,114343,-2686.56
2672,25783.6,114574,-2506.72
2673,25630.6,114795,-2325.98
