1, 0.122414
2, 0.48958
3, 1.10132
4, 1.95735
5, 3.05732
6, 4.40078
7, 5.9872
8, 7.81594
9, 9.88631
10, 12.1975
11, 14.7486
12, 17.5387
13, 20.5667
14, 23.8315
15, 27.3319
16, 31.0664
17, 35.0339
18, 39.2328
19, 43.6615
20, 48.3185
21, 53.2019
22, 58.3102
23, 63.6412
24, 69.1933
25, 74.9643
26, 80.9521
27, 87.1547
28, 93.5697
29, 100.195
30, 107.028
31, 114.066
32, 121.307
33, 128.749
34, 136.388
35, 144.222
36, 152.249
37, 160.464
38, 168.866
39, 177.452
40, 186.219
41, 195.163
42, 204.281
43, 213.57
44, 223.028
45, 232.65
46, 242.434
47, 252.376
48, 262.473
49, 272.721
50, 283.117
51, 293.657
52, 304.337
53, 315.155
54, 326.106
55, 337.187
56, 348.394
57, 359.723
58, 371.171
59, 382.733
60, 394.407
61, 406.187
62, 418.071
63, 430.053
64, 442.131
65, 454.3
66, 466.557
67, 478.897
68, 491.316
69, 503.811
70, 516.377
71, 529.01
72, 541.707
73, 554.463
74, 567.274
75, 580.136
76, 593.045
77, 605.997
78, 618.988
79, 632.014
80, 645.07
81, 658.154
82, 671.259
83, 684.384
84, 697.523
85, 710.673
86, 723.829
87, 736.988
88, 750.146
89, 763.298
90, 776.441
91, 789.57
92, 802.683
93, 815.774
94, 828.841
95, 841.879
96, 854.885
97, 867.854
98, 880.784
99, 893.669
100, 906.507
101, 919.295
102, 932.027
103, 944.702
104, 957.314
105, 969.862
106, 982.34
107, 994.747
108, 1007.08
109, 1019.33
110, 1031.5
111, 1043.58
112, 1055.58
113, 1067.48
114, 1079.29
115, 1091.01
116, 1102.62
117, 1114.12
118, 1125.52
119, 1136.81
120, 1147.99
121, 1159.05
122, 1170
123, 1180.82
124, 1191.52
125, 1202.1
126, 1212.55
127, 1222.86
128, 1233.05
129, 1243.1
130, 1253.01
131, 1262.78
132, 1272.41
133, 1281.9
134, 1291.24
135, 1300.44
136, 1309.48
137, 1318.38
138, 1327.12
139, 1335.71
140, 1344.14
141, 1352.41
142, 1360.53
143, 1368.48
144, 1376.28
145, 1383.91
146, 1391.38
147, 1398.68
148, 1405.82
149, 1412.78
150, 1419.59
151, 1426.22
152, 1432.68
153, 1438.98
154, 1445.1
155, 1451.05
156, 1456.83
157, 1462.44
158, 1467.87
159, 1473.14
160, 1478.23
161, 1483.14
162, 1487.89
163, 1492.46
164, 1496.85
165, 1501.08
166, 1505.13
167, 1509.01
168, 1512.72
169, 1516.26
170, 1519.62
171, 1522.82
172, 1525.84
173, 1528.7
174, 1531.39
175, 1533.9
176, 1536.26
177, 1538.44
178, 1540.47
179, 1542.32
180, 1544.02
181, 1545.55
182, 1546.93
183, 1548.14
184, 1549.2
185, 1550.1
186, 1550.84
187, 1551.44
188, 1551.88
189, 1552.17
190, 1552.31
191, 1552.3
192, 1552.15
193, 1551.86
194, 1551.43
195, 1550.85
196, 1550.14
197, 1549.3
198, 1548.32
199, 1547.2
200, 1545.97
201, 1544.6
202, 1543.11
203, 1541.49
204, 1539.76
205, 1537.91
206, 1535.94
207, 1533.86
208, 1531.67
209, 1529.37
210, 1526.97
211, 1524.47
212, 1521.86
213, 1519.15
214, 1516.35
215, 1513.46
216, 1510.48
217, 1507.41
218, 1504.26
219, 1501.02
220, 1497.71
221, 1494.32
222, 1490.86
223, 1487.32
224, 1483.72
225, 1480.05
226, 1476.32
227, 1472.54
228, 1468.69
229, 1464.79
230, 1460.85
231, 1456.85
232, 1452.81
233, 1448.72
234, 1444.6
235, 1440.44
236, 1436.25
237, 1432.02
238, 1427.77
239, 1423.49
240, 1419.19
241, 1414.88
242, 1410.54
243, 1406.19
244, 1401.83
245, 1397.46
246, 1393.09
247, 1388.71
248, 1384.33
249, 1379.96
250, 1375.59
251, 1371.22
252, 1366.87
253, 1362.53
254, 1358.21
255, 1353.9
256, 1349.62
257, 1345.35
258, 1341.12
259, 1336.9
260, 1332.72
261, 1328.58
262, 1324.46
263, 1320.39
264, 1316.35
265, 1312.35
266, 1308.4
267, 1304.49
268, 1300.62
269, 1296.81
270, 1293.05
271, 1289.34
272, 1285.69
273, 1282.09
274, 1278.55
275, 1275.07
276, 1271.65
277, 1268.29
278, 1265
279, 1261.77
280, 1258.62
281, 1255.53
282, 1252.51
283, 1249.56
284, 1246.68
285, 1243.88
286, 1241.15
287, 1238.49
288, 1235.91
289, 1233.41
290, 1230.99
291, 1228.64
292, 1226.38
293, 1224.19
294, 1222.08
295, 1220.06
296, 1218.11
297, 1216.25
298, 1214.47
299, 1212.77
300, 1211.15
301, 1209.61
302, 1208.16
303, 1206.79
304, 1205.5
305, 1204.29
306, 1203.16
307, 1202.11
308, 1201.15
309, 1200.26
310, 1199.46
311, 1198.73
312, 1198.08
313, 1197.51
314, 1197.01
315, 1196.59
316, 1196.25
317, 1195.98
318, 1195.78
319, 1195.66
320, 1195.6
321, 1195.62
322, 1195.7
323, 1195.85
324, 1196.07
325, 1196.35
326, 1196.69
327, 1197.09
328, 1197.56
329, 1198.08
330, 1198.65
331, 1199.28
332, 1199.97
333, 1200.7
334, 1201.48
335, 1202.31
336, 1203.18
337, 1204.09
338, 1205.05
339, 1206.04
340, 1207.07
341, 1208.13
342, 1209.22
343, 1210.34
344, 1211.49
345, 1212.66
346, 1213.86
347, 1215.07
348, 1216.3
349, 1217.55
350, 1218.8
351, 1220.07
352, 1221.34
353, 1222.62
354, 1223.89
355, 1225.17
356, 1226.44
357, 1227.71
358, 1228.96
359, 1230.21
360, 1231.44
361, 1232.65
362, 1233.84
363, 1235.01
364, 1236.15
365, 1237.26
366, 1238.34
367, 1239.39
368, 1240.4
369, 1241.37
370, 1242.3
371, 1243.19
372, 1244.02
373, 1244.81
374, 1245.54
375, 1246.22
376, 1246.83
377, 1247.39
378, 1247.88
379, 1248.31
380, 1248.67
381, 1248.95
382, 1249.16
383, 1249.3
384, 1249.36
385, 1249.33
386, 1249.22
387, 1249.03
388, 1248.75
389, 1248.37
390, 1247.91
391, 1247.34
392, 1246.69
393, 1245.93
394, 1245.07
395, 1244.11
396, 1243.04
397, 1241.86
398, 1240.58
399, 1239.19
400, 1237.68
401, 1236.06
402, 1234.33
403, 1232.47
404, 1230.5
405, 1228.41
406, 1226.2
407, 1223.87
408, 1221.41
409, 1218.83
410, 1216.12
411, 1213.28
412, 1210.32
413, 1207.23
414, 1204.01
415, 1200.66
416, 1197.17
417, 1193.56
418, 1189.82
419, 1185.94
420, 1181.93
421, 1177.79
422, 1173.52
423, 1169.12
424, 1164.58
425, 1159.91
426, 1155.1
427, 1150.17
428, 1145.1
429, 1139.9
430, 1134.57
431, 1129.11
432, 1123.52
433, 1117.81
434, 1111.96
435, 1105.99
436, 1099.89
437, 1093.67
438, 1087.32
439, 1080.85
440, 1074.26
441, 1067.55
442, 1060.72
443, 1053.77
444, 1046.71
445, 1039.53
446, 1032.25
447, 1024.85
448, 1017.35
449, 1009.74
450, 1002.03
451, 994.21
452, 986.296
453, 978.285
454, 970.179
455, 961.981
456, 953.694
457, 945.319
458, 936.86
459, 928.32
460, 919.7
461, 911.005
462, 902.236
463, 893.397
464, 884.491
465, 875.521
466, 866.49
467, 857.401
468, 848.258
469, 839.063
470, 829.821
471, 820.533
472, 811.205
473, 801.839
474, 792.439
475, 783.008
476, 773.55
477, 764.069
478, 754.567
479, 745.05
480, 735.521
481, 725.982
482, 716.439
483, 706.895
484, 697.354
485, 687.819
486, 678.294
487, 668.784
488, 659.292
489, 649.823
490, 640.379
491, 630.965
492, 621.585
493, 612.243
494, 602.943
495, 593.688
496, 584.483
497, 575.332
498, 566.238
499, 557.205
500, 548.238
501, 539.34
502, 530.515
503, 521.767
504, 513.1
505, 504.517
506, 496.023
507, 487.621
508, 479.316
509, 471.11
510, 463.007
511, 455.012
512, 447.127
513, 439.357
514, 431.705
515, 424.174
516, 416.768
517, 409.491
518, 402.346
519, 395.336
520, 388.464
521, 381.734
522, 375.15
523, 368.713
524, 362.428
525, 356.297
526, 350.324
527, 344.511
528, 338.861
529, 333.378
530, 328.063
531, 322.919
532, 317.95
533, 313.158
534, 308.544
535, 304.113
536, 299.865
537, 295.804
538, 291.931
539, 288.249
540, 284.76
541, 281.465
542, 278.367
543, 275.468
544, 272.768
545, 270.271
546, 267.978
547, 265.889
548, 264.007
549, 262.333
550, 260.868
551, 259.613
552, 258.57
553, 257.739
554, 257.122
555, 256.719
556, 256.531
557, 256.559
558, 256.803
559, 257.265
560, 257.943
561, 258.839
562, 259.954
563, 261.286
564, 262.836
565, 264.605
566, 266.591
567, 268.795
568, 271.217
569, 273.857
570, 276.713
571, 279.785
572, 283.073
573, 286.576
574, 290.293
575, 294.224
576, 298.366
577, 302.72
578, 307.284
579, 312.057
580, 317.038
581, 322.225
582, 327.617
583, 333.212
584, 339.009
585, 345.006
586, 351.2
587, 357.592
588, 364.177
589, 370.955
590, 377.923
591, 385.08
592, 392.422
593, 399.947
594, 407.654
595, 415.54
596, 423.601
597, 431.837
598, 440.243
599, 448.817
600, 457.557
601, 466.46
602, 475.522
603, 484.74
604, 494.113
605, 503.635
606, 513.305
607, 523.12
608, 533.075
609, 543.167
610, 553.394
611, 563.751
612, 574.236
613, 584.844
614, 595.572
615, 606.417
616, 617.374
617, 628.441
618, 639.613
619, 650.886
620, 662.257
621, 673.722
622, 685.277
623, 696.918
624, 708.641
625, 720.442
626, 732.317
627, 744.262
628, 756.273
629, 768.345
630, 780.475
631, 792.659
632, 804.892
633, 817.169
634, 829.488
635, 841.844
636, 854.232
637, 866.648
638, 879.088
639, 891.548
640, 904.023
641, 916.51
642, 929.003
643, 941.499
644, 953.994
645, 966.482
646, 978.96
647, 991.424
648, 1003.87
649, 1016.29
650, 1028.69
651, 1041.05
652, 1053.38
653, 1065.67
654, 1077.91
655, 1090.11
656, 1102.25
657, 1114.34
658, 1126.36
659, 1138.32
660, 1150.22
661, 1162.04
662, 1173.78
663, 1185.44
664, 1197.02
665, 1208.51
666, 1219.91
667, 1231.21
668, 1242.41
669, 1253.51
670, 1264.5
671, 1275.38
672, 1286.14
673, 1296.79
674, 1307.31
675, 1317.71
676, 1327.98
677, 1338.11
678, 1348.11
679, 1357.98
680, 1367.69
681, 1377.27
682, 1386.69
683, 1395.97
684, 1405.09
685, 1414.05
686, 1422.85
687, 1431.48
688, 1439.95
689, 1448.25
690, 1456.38
691, 1464.34
692, 1472.12
693, 1479.72
694, 1487.13
695, 1494.37
696, 1501.41
697, 1508.27
698, 1514.94
699, 1521.41
700, 1527.69
701, 1533.77
702, 1539.65
703, 1545.34
704, 1550.82
705, 1556.09
706, 1561.16
707, 1566.03
708, 1570.68
709, 1575.13
710, 1579.37
711, 1583.39
712, 1587.2
713, 1590.79
714, 1594.17
715, 1597.34
716, 1600.28
717, 1603.01
718, 1605.52
719, 1607.81
720, 1609.88
721, 1611.74
722, 1613.37
723, 1614.78
724, 1615.97
725, 1616.94
726, 1617.69
727, 1618.21
728, 1618.52
729, 1618.61
730, 1618.47
731, 1618.12
732, 1617.55
733, 1616.75
734, 1615.74
735, 1614.52
736, 1613.07
737, 1611.41
738, 1609.54
739, 1607.45
740, 1605.14
741, 1602.63
742, 1599.9
743, 1596.97
744, 1593.82
745, 1590.47
746, 1586.92
747, 1583.16
748, 1579.19
749, 1575.03
750, 1570.67
751, 1566.11
752, 1561.36
753, 1556.42
754, 1551.28
755, 1545.95
756, 1540.44
757, 1534.75
758, 1528.87
759, 1522.81
760, 1516.57
761, 1510.16
762, 1503.58
763, 1496.83
764, 1489.91
765, 1482.82
766, 1475.58
767, 1468.17
768, 1460.61
769, 1452.9
770, 1445.03
771, 1437.02
772, 1428.87
773, 1420.57
774, 1412.14
775, 1403.57
776, 1394.87
777, 1386.04
778, 1377.09
779, 1368.01
780, 1358.82
781, 1349.51
782, 1340.09
783, 1330.57
784, 1320.94
785, 1311.21
786, 1301.38
787, 1291.46
788, 1281.45
789, 1271.35
790, 1261.17
791, 1250.91
792, 1240.58
793, 1230.17
794, 1219.7
795, 1209.17
796, 1198.57
797, 1187.92
798, 1177.21
799, 1166.46
800, 1155.66
801, 1144.83
802, 1133.95
803, 1123.04
804, 1112.11
805, 1101.14
806, 1090.16
807, 1079.16
808, 1068.14
809, 1057.12
810, 1046.08
811, 1035.05
812, 1024.02
813, 1012.99
814, 1001.97
815, 990.964
816, 979.975
817, 969.005
818, 958.06
819, 947.143
820, 936.257
821, 925.406
822, 914.593
823, 903.823
824, 893.098
825, 882.422
826, 871.8
827, 861.233
828, 850.726
829, 840.283
830, 829.905
831, 819.598
832, 809.363
833, 799.205
834, 789.125
835, 779.129
836, 769.218
837, 759.396
838, 749.665
839, 740.03
840, 730.491
841, 721.054
842, 711.719
843, 702.49
844, 693.37
845, 684.361
846, 675.466
847, 666.688
848, 658.028
849, 649.49
850, 641.074
851, 632.785
852, 624.624
853, 616.593
854, 608.694
855, 600.929
856, 593.301
857, 585.81
858, 578.46
859, 571.251
860, 564.185
861, 557.264
862, 550.489
863, 543.862
864, 537.385
865, 531.058
866, 524.882
867, 518.859
868, 512.991
869, 507.277
870, 501.719
871, 496.318
872, 491.074
873, 485.988
874, 481.061
875, 476.294
876, 471.686
877, 467.239
878, 462.952
879, 458.826
880, 454.861
881, 451.056
882, 447.413
883, 443.931
884, 440.61
885, 437.449
886, 434.448
887, 431.607
888, 428.926
889, 426.404
890, 424.04
891, 421.833
892, 419.784
893, 417.89
894, 416.152
895, 414.568
896, 413.137
897, 411.859
898, 410.731
899, 409.752
900, 408.922
901, 408.239
902, 407.702
903, 407.308
904, 407.057
905, 406.946
906, 406.975
907, 407.141
908, 407.442
909, 407.877
910, 408.443
911, 409.139
912, 409.962
913, 410.911
914, 411.982
915, 413.175
916, 414.487
917, 415.915
918, 417.457
919, 419.11
920, 420.873
921, 422.742
922, 424.715
923, 426.79
924, 428.963
925, 431.233
926, 433.596
927, 436.05
928, 438.592
929, 441.219
930, 443.928
931, 446.716
932, 449.582
933, 452.52
934, 455.53
935, 458.607
936, 461.749
937, 464.953
938, 468.216
939, 471.534
940, 474.905
941, 478.326
942, 481.794
943, 485.305
944, 488.857
945, 492.446
946, 496.07
947, 499.725
948, 503.408
949, 507.117
950, 510.848
951, 514.598
952, 518.365
953, 522.144
954, 525.934
955, 529.731
956, 533.533
957, 537.336
958, 541.137
959, 544.934
960, 548.723
961, 552.503
962, 556.269
963, 560.02
964, 563.752
965, 567.464
966, 571.151
967, 574.812
968, 578.444
969, 582.044
970, 585.61
971, 589.14
972, 592.631
973, 596.08
974, 599.486
975, 602.846
976, 606.157
977, 609.418
978, 612.627
979, 615.782
980, 618.879
981, 621.919
982, 624.898
983, 627.815
984, 630.668
985, 633.456
986, 636.176
987, 638.827
988, 641.409
989, 643.918
990, 646.355
991, 648.717
992, 651.004
993, 653.214
994, 655.346
995, 657.399
996, 659.372
997, 661.265
998, 663.076
999, 664.806
1000, 666.452
